Algorithm: Welsh-Powell Vertex Coloring
Vertex colors:
0 1
1 2
2 3
3 0
4 1
5 2
6 3
7 4
8 1
9 2
10 0
11 3
12 1
13 2
14 0
15 3
16 1
17 2
18 4
19 3
20 0
21 1
22 2
23 3
24 0
25 1
26 2
27 3
28 4
29 0
30 1
31 2
32 3
33 0
34 1
35 2
36 3
37 0
38 1
39 2
40 3
41 0
42 1
43 2
44 3
45 0
46 1
47 2
48 3
49 0
50 1
51 2
52 3
53 0
54 1
55 2
56 4
57 5
58 3
59 0
60 1
61 2
62 3
63 0
64 1
65 2
66 3
67 4
68 0
69 1
70 2
71 3
72 0
73 1
74 2
75 4
76 5
77 6
78 3
79 0
80 1
81 2
82 3
83 0
84 1
85 2
86 3
87 4
88 0
89 1
90 2
91 3
92 0
93 1
94 2
95 4
96 5
97 3
98 0
99 1
100 2
101 3
102 0
103 1
104 2
105 3
106 4
107 0
108 1
109 2
110 3
111 0
112 1
113 2
114 3
115 0
116 1
117 2
118 3
119 0
120 1
121 2
122 3
123 0
124 1
125 2
126 3
127 0
128 1
129 2
130 3
131 0
132 1
133 2
134 4
135 5
136 3
137 0
138 1
139 2
140 3
141 0
142 1
143 2
144 3
145 4
146 0
147 1
148 2
149 3
150 0
151 1
152 2
153 3
154 0
155 1
156 2
157 3
158 0
159 1
160 2
161 3
162 0
163 1
164 2
165 3
166 0
167 1
168 2
169 3
170 0
171 1
172 2
173 4
174 5
175 3
176 0
177 1
178 2
179 3
180 0
181 1
182 2
183 3
184 4
185 0
186 1
187 2
188 3
189 0
190 1
191 2
192 3
193 0
194 1
195 2
196 3
197 0
198 1
199 2
200 3
201 0
202 1
203 2
204 3
205 0
206 1
207 2
208 3
209 0
210 1
211 2
212 4
213 5
214 3
215 0
216 1
217 2
218 3
219 0
220 1
221 2
222 3
223 4
224 0
225 1
226 2
227 3
228 0
229 1
230 2
231 4
232 5
233 6
234 3
235 0
236 1
237 2
238 3
239 0
240 1
241 2
242 3
243 4
244 0
245 1
246 2
247 3
248 0
249 1
250 2
251 4
252 5
253 3
254 0
255 1
256 2
257 3
258 0
259 1
260 2
261 3
262 4
263 0
264 1
265 2
266 3
267 0
268 1
269 2
270 3
271 0
272 1
273 2
274 3
275 0
276 1
277 2
278 3
279 0
280 1
281 2
282 3
283 0
284 1
285 2
286 3
287 0
288 1
289 2
290 4
291 5
292 3
293 0
294 1
295 2
296 3
297 0
298 1
299 2
300 3
301 4
302 0
303 1
304 2
305 3
306 0
307 1
308 2
309 4
310 5
311 6
312 3
313 0
314 1
315 2
316 3
317 0
318 1
319 2
320 3
321 4
322 0
323 1
324 2
325 3
326 0
327 1
328 2
329 4
330 5
331 3
332 0
333 1
334 2
335 3
336 0
337 1
338 2
339 3
340 4
341 0
342 1
343 2
344 3
345 0
346 1
347 2
348 3
349 0
350 1
351 2
352 3
353 0
354 1
355 2
356 3
357 0
358 1
359 2
360 3
361 0
362 1
363 2
364 3
365 0
366 1
367 2
368 4
369 5
370 3
371 0
372 1
373 2
374 3
375 0
376 1
377 2
378 3
379 4
380 0
381 1
382 2
383 3
384 0
385 1
386 2
387 4
388 5
389 6
390 3
391 0
392 1
393 2
394 3
395 0
396 1
397 2
398 3
399 4
400 0
401 1
402 2
403 3
404 0
405 1
406 2
407 4
408 5
409 6
410 3
411 0
412 1
413 2
414 3
415 0
416 1
417 2
418 3
419 4
420 0
421 1
422 2
423 3
424 0
425 1
426 2
427 3
428 0
429 1
430 2
431 3
432 0
433 1
434 2
435 3
436 0
437 1
438 2
439 3
440 0
441 1
442 2
443 3
444 0
445 1
446 2
447 4
448 5
449 3
450 0
451 1
452 2
453 3
454 0
455 1
456 2
457 3
458 4
459 0
460 1
461 2
462 3
463 0
464 1
465 2
466 3
467 0
468 1
469 2
470 3
471 0
472 1
473 2
474 3
475 0
476 1
477 2
478 3
479 0
480 1
481 2
482 3
483 0
484 1
485 2
486 4
487 5
488 3
489 0
490 1
491 2
492 3
493 0
494 1
495 2
496 3
497 4
498 0
499 1
500 2
501 3
502 0
503 1
504 2
505 3
506 0
507 1
508 2
509 3
510 0
511 1
512 2
513 3
514 0
515 1
516 2
517 3
518 0
519 1
520 2
521 3
522 0
523 1
524 2
525 4
526 5
527 3
528 0
529 1
530 2
531 3
532 0
533 1
534 2
535 3
536 4
537 0
538 1
539 2
540 3
541 0
542 1
543 2
544 4
545 5
546 6
547 3
548 0
549 1
550 2
551 3
552 0
553 1
554 2
555 3
556 4
557 0
558 1
559 2
560 3
561 0
562 1
563 2
564 4
565 5
566 3
567 0
568 1
569 2
570 3
571 0
572 1
573 2
574 3
575 4
576 0
577 1
578 2
579 3
580 0
581 1
582 2
583 3
584 0
585 1
586 2
587 3
588 0
589 1
590 2
591 3
592 0
593 1
594 2
595 3
596 0
597 1
598 2
599 3
600 0
601 1
602 2
603 4
604 5
605 3
606 0
607 1
608 2
609 3
610 0
611 1
612 2
613 3
614 4
615 0
616 1
617 2
618 3
619 0
620 1
621 2
622 3
623 0
624 1
625 2
626 3
627 0
628 1
629 2
630 3
631 0
632 1
633 2
634 3
635 0
636 1
637 2
638 3
639 0
640 1
641 2
642 4
643 5
644 3
645 0
646 1
647 2
648 3
649 0
650 1
651 2
652 3
653 4
654 0
655 1
656 2
657 3
658 0
659 1
660 2
661 3
662 0
663 1
664 2
665 3
666 0
667 1
668 2
669 3
670 0
671 1
672 2
673 3
674 0
675 1
676 2
677 3
678 0
679 1
680 2
681 4
682 5
683 3
684 0
685 1
686 2
687 3
688 0
689 1
690 2
691 3
692 4
693 0
694 1
695 2
696 3
697 0
698 1
699 2
700 4
701 5
702 6
703 3
704 0
705 1
706 2
707 3
708 0
709 1
710 2
711 3
712 4
713 0
714 1
715 2
716 3
717 0
718 1
719 2
720 4
721 5
722 3
723 0
724 1
725 2
726 3
727 0
728 1
729 2
730 3
731 4
732 0
733 1
734 2
735 3
736 0
737 1
738 2
739 3
740 0
741 1
742 2
743 3
744 0
745 1
746 2
747 3
748 0
749 1
750 2
751 3
752 0
753 1
754 2
755 3
756 0
757 1
758 2
759 4
760 5
761 3
762 0
763 1
764 2
765 3
766 0
767 1
768 2
769 3
770 4
771 0
772 1
773 2
774 3
775 0
776 1
777 2
778 3
779 0
780 1
781 2
782 3
783 0
784 1
785 2
786 3
787 0
788 1
789 2
790 3
791 0
792 1
793 2
794 3
795 0
796 1
797 2
798 4
799 5
800 3
801 0
802 1
803 2
804 3
805 0
806 1
807 2
808 3
809 4
810 0
811 1
812 2
813 3
814 0
815 1
816 2
817 3
818 0
819 1
820 2
821 3
822 0
823 1
824 2
825 3
826 0
827 1
828 2
829 3
830 0
831 1
832 2
833 3
834 0
835 1
836 2
837 4
838 5
839 3
840 0
841 1
842 2
843 3
844 0
845 1
846 2
847 3
848 4
849 0
850 1
851 2
852 3
853 0
854 1
855 2
856 4
857 5
858 6
859 3
860 0
861 1
862 2
863 3
864 0
865 1
866 2
867 3
868 4
869 0
870 1
871 2
872 3
873 0
874 1
875 2
876 4
877 5
878 3
879 0
880 1
881 2
882 3
883 0
884 1
885 2
886 3
887 4
888 0
889 1
890 2
891 3
892 0
893 1
894 2
895 3
896 0
897 1
898 2
899 3
900 0
901 1
902 2
903 3
904 0
905 1
906 2
907 3
908 0
909 1
910 2
911 3
912 0
913 1
914 2
915 4
916 5
917 3
918 0
919 1
920 2
921 3
922 0
923 1
924 2
925 3
926 4
927 0
928 1
929 2
930 3
931 0
932 1
933 2
934 4
935 5
936 6
937 3
938 0
939 1
940 2
941 3
942 0
943 1
944 2
945 3
946 4
947 0
948 1
949 2
950 3
951 0
952 1
953 2
954 4
955 5
956 3
957 0
958 1
959 2
960 3
961 0
962 1
963 2
964 3
965 4
966 0
967 1
968 2
969 3
970 0
971 1
972 2
973 3
974 0
975 1
976 2
977 3
978 0
979 1
980 2
981 3
982 0
983 1
984 2
985 3
986 0
987 1
988 2
989 3
990 0
991 1
992 2
993 4
994 5
995 3
996 0
997 1
998 2
999 3
1000 0
1001 1
1002 2
1003 3
1004 4
1005 0
1006 1
1007 2
1008 3
1009 0
1010 1
1011 2
1012 4
1013 5
1014 6
1015 3
1016 0
1017 1
1018 2
1019 3
1020 0
1021 1
1022 2
1023 3
1024 4
1025 0
1026 1
1027 2
1028 3
1029 0
1030 1
1031 2
1032 4
1033 5
1034 3
1035 0
1036 1
1037 2
1038 3
1039 0
1040 1
1041 2
1042 3
1043 4
1044 0
1045 1
1046 2
1047 3
1048 0
1049 1
1050 2
1051 3
1052 0
1053 1
1054 2
1055 3
1056 0
1057 1
1058 2
1059 3
1060 0
1061 1
1062 2
1063 3
1064 0
1065 1
1066 2
1067 3
1068 0
1069 1
1070 2
1071 4
1072 5
1073 3
1074 0
1075 1
1076 2
1077 3
1078 0
1079 1
1080 2
1081 3
1082 4
1083 0
1084 1
1085 2
1086 3
1087 0
1088 1
1089 2
1090 3
1091 0
1092 1
1093 2
1094 3
1095 0
1096 1
1097 2
1098 3
1099 0
1100 1
1101 2
1102 3
1103 0
1104 1
1105 2
1106 3
1107 0
1108 1
1109 2
1110 4
1111 5
1112 3
1113 0
1114 1
1115 2
1116 3
1117 0
1118 1
1119 2
1120 3
1121 4
1122 0
1123 1
1124 2
1125 3
1126 0
1127 1
1128 2
1129 3
1130 0
1131 1
1132 2
1133 3
1134 0
1135 1
1136 2
1137 3
1138 0
1139 1
1140 2
1141 3
1142 0
1143 1
1144 2
1145 3
1146 0
1147 1
1148 2
1149 4
1150 5
1151 3
1152 0
1153 1
1154 2
1155 3
1156 0
1157 1
1158 2
1159 3
1160 4
1161 0
1162 1
1163 2
1164 3
1165 0
1166 1
1167 2
1168 4
1169 5
1170 6
1171 3
1172 0
1173 1
1174 2
1175 3
1176 0
1177 1
1178 2
1179 3
1180 4
1181 0
1182 1
1183 2
1184 3
1185 0
1186 1
1187 2
1188 4
1189 5
1190 3
1191 0
1192 1
1193 2
1194 3
1195 0
1196 1
1197 2
1198 3
1199 4
1200 0
1201 1
1202 2
1203 3
1204 0
1205 1
1206 2
1207 3
1208 0
1209 1
1210 2
1211 3
1212 0
1213 1
1214 2
1215 3
1216 0
1217 1
1218 2
1219 3
1220 0
1221 1
1222 2
1223 3
1224 0
1225 1
1226 2
1227 4
1228 5
1229 3
1230 0
1231 1
1232 2
1233 3
1234 0
1235 1
1236 2
1237 3
1238 4
1239 0
1240 1
1241 2
1242 3
1243 0
1244 1
1245 2
1246 4
1247 5
1248 6
1249 3
1250 0
1251 1
1252 2
1253 3
1254 0
1255 1
1256 2
1257 3
1258 4
1259 0
1260 1
1261 2
1262 3
1263 0
1264 1
1265 2
1266 4
1267 5
1268 3
1269 0
1270 1
1271 2
1272 3
1273 0
1274 1
1275 2
1276 3
1277 4
1278 0
1279 1
1280 2
1281 3
1282 0
1283 1
1284 2
1285 3
1286 0
1287 1
1288 2
1289 3
1290 0
1291 1
1292 2
1293 3
1294 0
1295 1
1296 2
1297 3
1298 0
1299 1
1300 2
1301 3
1302 0
1303 1
1304 2
1305 4
1306 5
1307 3
1308 0
1309 1
1310 2
1311 3
1312 0
1313 1
1314 2
1315 3
1316 4
1317 0
1318 1
1319 2
1320 3
1321 0
1322 1
1323 2
1324 4
1325 5
1326 6
1327 3
1328 0
1329 1
1330 2
1331 3
1332 0
1333 1
1334 2
1335 3
1336 4
1337 0
1338 1
1339 2
1340 3
1341 0
1342 1
1343 2
1344 4
1345 5
1346 3
1347 0
1348 1
1349 2
1350 3
1351 0
1352 1
1353 2
1354 3
1355 4
1356 0
1357 1
1358 2
1359 3
1360 0
1361 1
1362 2
1363 3
1364 0
1365 1
1366 2
1367 3
1368 0
1369 1
1370 2
1371 3
1372 0
1373 1
1374 2
1375 3
1376 0
1377 1
1378 2
1379 3
1380 0
1381 1
1382 2
1383 4
1384 5
1385 3
1386 0
1387 1
1388 2
1389 3
1390 0
1391 1
1392 2
1393 3
1394 4
1395 0
1396 1
1397 2
1398 3
1399 0
1400 1
1401 2
1402 3
1403 0
1404 1
1405 2
1406 3
1407 0
1408 1
1409 2
1410 3
1411 0
1412 1
1413 2
1414 3
1415 0
1416 1
1417 2
1418 3
1419 0
1420 1
1421 2
1422 4
1423 5
1424 3
1425 0
1426 1
1427 2
1428 3
1429 0
1430 1
1431 2
1432 3
1433 4
1434 0
1435 1
1436 2
1437 3
1438 0
1439 1
1440 2
1441 3
1442 0
1443 1
1444 2
1445 3
1446 0
1447 1
1448 2
1449 3
1450 0
1451 1
1452 2
1453 3
1454 0
1455 1
1456 2
1457 3
1458 0
1459 1
1460 2
1461 4
1462 5
1463 3
1464 0
1465 1
1466 2
1467 3
1468 0
1469 1
1470 2
1471 3
1472 4
1473 0
1474 1
1475 2
1476 3
1477 0
1478 1
1479 2
1480 4
1481 5
1482 6
1483 3
1484 0
1485 1
1486 2
1487 3
1488 0
1489 1
1490 2
1491 3
1492 4
1493 0
1494 1
1495 2
1496 3
1497 0
1498 1
1499 2
1500 4
1501 5
1502 3
1503 0
1504 1
1505 2
1506 3
1507 0
1508 1
1509 2
1510 3
1511 4
1512 0
1513 1
1514 2
1515 3
1516 0
1517 1
1518 2
1519 3
1520 0
1521 1
1522 2
1523 3
1524 0
1525 1
1526 2
1527 3
1528 0
1529 1
1530 2
1531 3
1532 0
1533 1
1534 2
1535 3
1536 0
1537 1
1538 2
1539 4
1540 5
1541 3
1542 0
1543 1
1544 2
1545 3
1546 0
1547 1
1548 2
1549 3
1550 4
1551 0
1552 1
1553 2
1554 3
1555 0
1556 1
1557 2
1558 4
1559 5
1560 6
1561 3
1562 0
1563 1
1564 2
1565 3
1566 0
1567 1
1568 2
1569 3
1570 4
1571 0
1572 1
1573 2
1574 3
1575 0
1576 1
1577 2
1578 4
1579 5
1580 3
1581 0
1582 1
1583 2
1584 3
1585 0
1586 1
1587 2
1588 3
1589 4
1590 0
1591 1
1592 2
1593 3
1594 0
1595 1
1596 2
1597 3
1598 0
1599 1
1600 2
1601 3
1602 0
1603 1
1604 2
1605 3
1606 0
1607 1
1608 2
1609 3
1610 0
1611 1
1612 2
1613 3
1614 0
1615 1
1616 2
1617 4
1618 5
1619 3
1620 0
1621 1
1622 2
1623 3
1624 0
1625 1
1626 2
1627 3
1628 4
1629 0
1630 1
1631 2
1632 3
1633 0
1634 1
1635 2
1636 4
1637 5
1638 6
1639 3
1640 0
1641 1
1642 2
1643 3
1644 0
1645 1
1646 2
1647 3
1648 4
1649 0
1650 1
1651 2
1652 3
1653 0
1654 1
1655 2
1656 4
1657 5
1658 6
1659 3
1660 0
1661 1
1662 2
1663 3
1664 0
1665 1
1666 2
1667 3
1668 4
1669 0
1670 1
1671 2
1672 3
1673 0
1674 1
1675 2
1676 3
1677 0
1678 1
1679 2
1680 3
1681 0
1682 1
1683 2
1684 3
1685 0
1686 1
1687 2
1688 3
1689 0
1690 1
1691 2
1692 3
1693 0
1694 1
1695 2
1696 4
1697 5
1698 3
1699 0
1700 1
1701 2
1702 3
1703 0
1704 1
1705 2
1706 3
1707 4
1708 0
1709 1
1710 2
1711 3
1712 0
1713 1
1714 2
1715 3
1716 0
1717 1
1718 2
1719 3
1720 0
1721 1
1722 2
1723 3
1724 0
1725 1
1726 2
1727 3
1728 0
1729 1
1730 2
1731 3
1732 0
1733 1
1734 2
1735 4
1736 5
1737 3
1738 0
1739 1
1740 2
1741 3
1742 0
1743 1
1744 2
1745 3
1746 4
1747 0
1748 1
1749 2
1750 3
1751 0
1752 1
1753 2
1754 3
1755 0
1756 1
1757 2
1758 3
1759 0
1760 1
1761 2
1762 3
1763 0
1764 1
1765 2
1766 3
1767 0
1768 1
1769 2
1770 3
1771 0
1772 1
1773 2
1774 4
1775 5
1776 3
1777 0
1778 1
1779 2
1780 3
1781 0
1782 1
1783 2
1784 3
1785 4
1786 0
1787 1
1788 2
1789 3
1790 0
1791 1
1792 2
1793 4
1794 5
1795 6
1796 3
1797 0
1798 1
1799 2
1800 3
1801 0
1802 1
1803 2
1804 3
1805 4
1806 0
1807 1
1808 2
1809 3
1810 0
1811 1
1812 2
1813 4
1814 5
1815 3
1816 0
1817 1
1818 2
1819 3
1820 0
1821 1
1822 2
1823 3
1824 4
1825 0
1826 1
1827 2
1828 3
1829 0
1830 1
1831 2
1832 3
1833 0
1834 1
1835 2
1836 3
1837 0
1838 1
1839 2
1840 3
1841 0
1842 1
1843 2
1844 3
1845 0
1846 1
1847 2
1848 3
1849 0
1850 1
1851 2
1852 4
1853 5
1854 3
1855 0
1856 1
1857 2
1858 3
1859 0
1860 1
1861 2
1862 3
1863 4
1864 0
1865 1
1866 2
1867 3
1868 0
1869 1
1870 2
1871 3
1872 0
1873 1
1874 2
1875 3
1876 0
1877 1
1878 2
1879 3
1880 0
1881 1
1882 2
1883 3
1884 0
1885 1
1886 2
1887 3
1888 0
1889 1
1890 2
1891 4
1892 5
1893 3
1894 0
1895 1
1896 2
1897 3
1898 0
1899 1
1900 2
1901 3
1902 4
1903 0
1904 1
1905 2
1906 3
1907 0
1908 1
1909 2
1910 3
1911 0
1912 1
1913 2
1914 3
1915 0
1916 1
1917 2
1918 3
1919 0
1920 1
1921 2
1922 3
1923 0
1924 1
1925 2
1926 3
1927 0
1928 1
1929 2
1930 4
1931 5
1932 3
1933 0
1934 1
1935 2
1936 3
1937 0
1938 1
1939 2
1940 3
1941 4
1942 0
1943 1
1944 2
1945 3
1946 0
1947 1
1948 2
1949 4
1950 5
1951 6
1952 3
1953 0
1954 1
1955 2
1956 3
1957 0
1958 1
1959 2
1960 3
1961 4
1962 0
1963 1
1964 2
1965 3
1966 0
1967 1
1968 2
1969 4
1970 5
1971 3
1972 0
1973 1
1974 2
1975 3
1976 0
1977 1
1978 2
1979 3
1980 4
1981 0
1982 1
1983 2
1984 3
1985 0
1986 1
1987 2
1988 3
1989 0
1990 1
1991 2
1992 3
1993 0
1994 1
1995 2
1996 3
1997 0
1998 1
1999 2
2000 3
2001 0
2002 1
2003 2
2004 3
2005 0
2006 1
2007 2
2008 4
2009 5
2010 3
2011 0
2012 1
2013 2
2014 3
2015 0
2016 1
2017 2
2018 3
2019 4
2020 0
2021 1
2022 2
2023 3
2024 0
2025 1
2026 2
2027 3
2028 0
2029 1
2030 2
2031 3
2032 0
2033 1
2034 2
2035 3
2036 0
2037 1
2038 2
2039 3
2040 0
2041 1
2042 2
2043 3
2044 0
2045 1
2046 2
2047 4
2048 5
2049 3
2050 0
2051 1
2052 2
2053 3
2054 0
2055 1
2056 2
2057 3
2058 4
2059 0
2060 1
2061 2
2062 3
2063 0
2064 1
2065 2
2066 3
2067 0
2068 1
2069 2
2070 3
2071 0
2072 1
2073 2
2074 3
2075 0
2076 1
2077 2
2078 3
2079 0
2080 1
2081 2
2082 3
2083 0
2084 1
2085 2
2086 4
2087 5
2088 3
2089 0
2090 1
2091 2
2092 3
2093 0
2094 1
2095 2
2096 3
2097 4
2098 0
2099 1
2100 2
2101 3
2102 0
2103 1
2104 2
2105 4
2106 5
2107 6
2108 3
2109 0
2110 1
2111 2
2112 3
2113 0
2114 1
2115 2
2116 3
2117 4
2118 0
2119 1
2120 2
2121 3
2122 0
2123 1
2124 2
2125 4
2126 5
2127 3
2128 0
2129 1
2130 2
2131 3
2132 0
2133 1
2134 2
2135 3
2136 4
2137 0
2138 1
2139 2
2140 3
2141 0
2142 1
2143 2
2144 3
2145 0
2146 1
2147 2
2148 3
2149 0
2150 1
2151 2
2152 3
2153 0
2154 1
2155 2
2156 3
2157 0
2158 1
2159 2
2160 3
2161 0
2162 1
2163 2
2164 4
2165 5
2166 3
2167 0
2168 1
2169 2
2170 3
2171 0
2172 1
2173 2
2174 3
2175 4
2176 0
2177 1
2178 2
2179 3
2180 0
2181 1
2182 2
2183 4
2184 5
2185 6
2186 3
2187 0
2188 1
2189 2
2190 3
2191 0
2192 1
2193 2
2194 3
2195 4
2196 0
2197 1
2198 2
2199 3
2200 0
2201 1
2202 2
2203 4
2204 5
2205 3
2206 0
2207 1
2208 2
2209 3
2210 0
2211 1
2212 2
2213 3
2214 4
2215 0
2216 1
2217 2
2218 3
2219 0
2220 1
2221 2
2222 3
2223 0
2224 1
2225 2
2226 3
2227 0
2228 1
2229 2
2230 3
2231 0
2232 1
2233 2
2234 3
2235 0
2236 1
2237 2
2238 3
2239 0
2240 1
2241 2
2242 4
2243 5
2244 3
2245 0
2246 1
2247 2
2248 3
2249 0
2250 1
2251 2
2252 3
2253 4
2254 0
2255 1
2256 2
2257 3
2258 0
2259 1
2260 2
2261 4
2262 5
2263 6
2264 3
2265 0
2266 1
2267 2
2268 3
2269 0
2270 1
2271 2
2272 3
2273 4
2274 0
2275 1
2276 2
2277 3
2278 0
2279 1
2280 2
2281 4
2282 5
2283 6
2284 3
2285 0
2286 1
2287 2
2288 3
2289 0
2290 1
2291 2
2292 3
2293 4
2294 0
2295 1
2296 2
2297 3
2298 0
2299 1
2300 2
2301 3
2302 0
2303 1
2304 2
2305 3
2306 0
2307 1
2308 2
2309 3
2310 0
2311 1
2312 2
2313 3
2314 0
2315 1
2316 2
2317 3
2318 0
2319 1
2320 2
2321 4
2322 5
2323 3
2324 0
2325 1
2326 2
2327 3
2328 0
2329 1
2330 2
2331 3
2332 4
2333 0
2334 1
2335 2
2336 3
2337 0
2338 1
2339 2
2340 3
2341 0
2342 1
2343 2
2344 3
2345 0
2346 1
2347 2
2348 3
2349 0
2350 1
2351 2
2352 3
2353 0
2354 1
2355 2
2356 3
2357 0
2358 1
2359 2
2360 4
2361 5
2362 3
2363 0
2364 1
2365 2
2366 3
2367 0
2368 1
2369 2
2370 3
2371 4
2372 0
2373 1
2374 2
2375 3
2376 0
2377 1
2378 2
2379 3
2380 0
2381 1
2382 2
2383 3
2384 0
2385 1
2386 2
2387 3
2388 0
2389 1
2390 2
2391 3
2392 0
2393 1
2394 2
2395 3
2396 0
2397 1
2398 2
2399 4
2400 5
2401 3
2402 0
2403 1
2404 2
2405 3
2406 0
2407 1
2408 2
2409 3
2410 4
2411 0
2412 1
2413 2
2414 3
2415 0
2416 1
2417 2
2418 4
2419 5
2420 6
2421 3
2422 0
2423 1
2424 2
2425 3
2426 0
2427 1
2428 2
2429 3
2430 4
2431 0
2432 1
2433 2
2434 3
2435 0
2436 1
2437 2
2438 4
2439 5
2440 3
2441 0
2442 1
2443 2
2444 3
2445 0
2446 1
2447 2
2448 3
2449 4
2450 0
2451 1
2452 2
2453 3
2454 0
2455 1
2456 2
2457 3
2458 0
2459 1
2460 2
2461 3
2462 0
2463 1
2464 2
2465 3
2466 0
2467 1
2468 2
2469 3
2470 0
2471 1
2472 2
2473 3
2474 0
2475 1
2476 2
2477 4
2478 5
2479 3
2480 0
2481 1
2482 2
2483 3
2484 0
2485 1
2486 2
2487 3
2488 4
2489 0
2490 1
2491 2
2492 3
2493 0
2494 1
2495 2
2496 3
2497 0
2498 1
2499 2
2500 3
2501 0
2502 1
2503 2
2504 3
2505 0
2506 1
2507 2
2508 3
2509 0
2510 1
2511 2
2512 3
2513 0
2514 1
2515 2
2516 4
2517 5
2518 3
2519 0
2520 1
2521 2
2522 3
2523 0
2524 1
2525 2
2526 3
2527 4
2528 0
2529 1
2530 2
2531 3
2532 0
2533 1
2534 2
2535 3
2536 0
2537 1
2538 2
2539 3
2540 0
2541 1
2542 2
2543 3
2544 0
2545 1
2546 2
2547 3
2548 0
2549 1
2550 2
2551 3
2552 0
2553 1
2554 2
2555 4
2556 5
2557 3
2558 0
2559 1
2560 2
2561 3
2562 0
2563 1
2564 2
2565 3
2566 4
2567 0
2568 1
2569 2
2570 3
2571 0
2572 1
2573 2
2574 4
2575 5
2576 6
2577 3
2578 0
2579 1
2580 2
2581 3
2582 0
2583 1
2584 2
2585 3
2586 4
2587 0
2588 1
2589 2
2590 3
2591 0
2592 1
2593 2
2594 4
2595 5
2596 3
2597 0
2598 1
2599 2
2600 3
2601 0
2602 1
2603 2
2604 3
2605 4
2606 0
2607 1
2608 2
2609 3
2610 0
2611 1
2612 2
2613 3
2614 0
2615 1
2616 2
2617 3
2618 0
2619 1
2620 2
2621 3
2622 0
2623 1
2624 2
2625 3
2626 0
2627 1
2628 2
2629 3
2630 0
2631 1
2632 2
2633 4
2634 5
2635 3
2636 0
2637 1
2638 2
2639 3
2640 0
2641 1
2642 2
2643 3
2644 4
2645 0
2646 1
2647 2
2648 3
2649 0
2650 1
2651 2
2652 3
2653 0
2654 1
2655 2
2656 3
2657 0
2658 1
2659 2
2660 3
2661 0
2662 1
2663 2
2664 3
2665 0
2666 1
2667 2
2668 3
2669 0
2670 1
2671 2
2672 4
2673 5
2674 3
2675 0
2676 1
2677 2
2678 3
2679 0
2680 1
2681 2
2682 3
2683 4
2684 0
2685 1
2686 2
2687 3
2688 0
2689 1
2690 2
2691 3
2692 0
2693 1
2694 2
2695 3
2696 0
2697 1
2698 2
2699 3
2700 0
2701 1
2702 2
2703 3
2704 0
2705 1
2706 2
2707 3
2708 0
2709 1
2710 2
2711 4
2712 5
2713 3
2714 0
2715 1
2716 2
2717 3
2718 0
2719 1
2720 2
2721 3
2722 4
2723 0
2724 1
2725 2
2726 3
2727 0
2728 1
2729 2
2730 4
2731 5
2732 6
2733 3
2734 0
2735 1
2736 2
2737 3
2738 0
2739 1
2740 2
2741 3
2742 4
2743 0
2744 1
2745 2
2746 3
2747 0
2748 1
2749 2
2750 4
2751 5
2752 3
2753 0
2754 1
2755 2
2756 3
2757 0
2758 1
2759 2
2760 3
2761 4
2762 0
2763 1
2764 2
2765 3
2766 0
2767 1
2768 2
2769 3
2770 0
2771 1
2772 2
2773 3
2774 0
2775 1
2776 2
2777 3
2778 0
2779 1
2780 2
2781 3
2782 0
2783 1
2784 2
2785 3
2786 0
2787 1
2788 2
2789 4
2790 5
2791 3
2792 0
2793 1
2794 2
2795 3
2796 0
2797 1
2798 2
2799 3
2800 4
2801 0
2802 1
2803 2
2804 3
2805 0
2806 1
2807 2
2808 4
2809 5
2810 6
2811 3
2812 0
2813 1
2814 2
2815 3
2816 0
2817 1
2818 2
2819 3
2820 4
2821 0
2822 1
2823 2
2824 3
2825 0
2826 1
2827 2
2828 4
2829 5
2830 3
2831 0
2832 1
2833 2
2834 3
2835 0
2836 1
2837 2
2838 3
2839 4
2840 0
2841 1
2842 2
2843 3
2844 0
2845 1
2846 2
2847 3
2848 0
2849 1
2850 2
2851 3
2852 0
2853 1
2854 2
2855 3
2856 0
2857 1
2858 2
2859 3
2860 0
2861 1
2862 2
2863 3
2864 0
2865 1
2866 2
2867 4
2868 5
2869 3
2870 0
2871 1
2872 2
2873 3
2874 0
2875 1
2876 2
2877 3
2878 4
2879 0
2880 1
2881 2
2882 3
2883 0
2884 1
2885 2
2886 4
2887 5
2888 6
2889 3
2890 0
2891 1
2892 2
2893 3
2894 0
2895 1
2896 2
2897 3
2898 4
2899 0
2900 1
2901 2
2902 3
2903 0
2904 1
2905 2
2906 4
2907 5
2908 6
2909 3
2910 0
2911 1
2912 2
2913 3
2914 0
2915 1
2916 2
2917 3
2918 4
2919 0
2920 1
2921 2
2922 3
2923 0
2924 1
2925 2
2926 3
2927 0
2928 1
2929 2
2930 3
2931 0
2932 1
2933 2
2934 3
2935 0
2936 1
2937 2
2938 3
2939 0
2940 1
2941 2
2942 3
2943 0
2944 1
2945 2
2946 4
2947 5
2948 3
2949 0
2950 1
2951 2
2952 3
2953 0
2954 1
2955 2
2956 3
2957 4
2958 0
2959 1
2960 2
2961 3
2962 0
2963 1
2964 2
2965 3
2966 0
2967 1
2968 2
2969 3
2970 0
2971 1
2972 2
2973 3
2974 0
2975 1
2976 2
2977 3
2978 0
2979 1
2980 2
2981 3
2982 0
2983 1
2984 2
2985 4
2986 5
2987 3
2988 0
2989 1
2990 2
2991 3
2992 0
2993 1
2994 2
2995 3
2996 4
2997 0
2998 1
2999 2
3000 3
3001 0
3002 1
3003 2
3004 3
3005 0
3006 1
3007 2
3008 3
3009 0
3010 1
3011 2
3012 3
3013 0
3014 1
3015 2
3016 3
3017 0
3018 1
3019 2
3020 3
3021 0
3022 1
3023 2
3024 4
3025 5
3026 3
3027 0
3028 1
3029 2
3030 3
3031 0
3032 1
3033 2
3034 3
3035 4
3036 0
3037 1
3038 2
3039 3
3040 0
3041 1
3042 2
3043 4
3044 5
3045 6
3046 3
3047 0
3048 1
3049 2
3050 3
3051 0
3052 1
3053 2
3054 3
3055 4
3056 0
3057 1
3058 2
3059 3
3060 0
3061 1
3062 2
3063 4
3064 5
3065 3
3066 0
3067 1
3068 2
3069 3
3070 0
3071 1
3072 2
3073 3
3074 4
3075 0
3076 1
3077 2
3078 3
3079 0
3080 1
3081 2
3082 3
3083 0
3084 1
3085 2
3086 3
3087 0
3088 1
3089 2
3090 3
3091 0
3092 1
3093 2
3094 3
3095 0
3096 1
3097 2
3098 3
3099 0
3100 1
3101 2
3102 4
3103 5
3104 3
3105 0
3106 1
3107 2
3108 3
3109 0
3110 1
3111 2
3112 3
3113 4
3114 0
3115 1
3116 2
3117 3
3118 0
3119 1
3120 2
3121 3
3122 0
3123 1
3124 2
3125 3
3126 0
3127 1
3128 2
3129 3
3130 0
3131 1
3132 2
3133 3
3134 0
3135 1
3136 2
3137 3
3138 0
3139 1
3140 2
3141 4
3142 5
3143 3
3144 0
3145 1
3146 2
3147 3
3148 0
3149 1
3150 2
3151 3
3152 4
3153 0
3154 1
3155 2
3156 3
3157 0
3158 1
3159 2
3160 3
3161 0
3162 1
3163 2
3164 3
3165 0
3166 1
3167 2
3168 3
3169 0
3170 1
3171 2
3172 3
3173 0
3174 1
3175 2
3176 3
3177 0
3178 1
3179 2
3180 4
3181 5
3182 3
3183 0
3184 1
3185 2
3186 3
3187 0
3188 1
3189 2
3190 3
3191 4
3192 0
3193 1
3194 2
3195 3
3196 0
3197 1
3198 2
3199 4
3200 5
3201 6
3202 3
3203 0
3204 1
3205 2
3206 3
3207 0
3208 1
3209 2
3210 3
3211 4
3212 0
3213 1
3214 2
3215 3
3216 0
3217 1
3218 2
3219 4
3220 5
3221 3
3222 0
3223 1
3224 2
3225 3
3226 0
3227 1
3228 2
3229 3
3230 4
3231 0
3232 1
3233 2
3234 3
3235 0
3236 1
3237 2
3238 3
3239 0
3240 1
3241 2
3242 3
3243 0
3244 1
3245 2
3246 3
3247 0
3248 1
3249 2
3250 3
3251 0
3252 1
3253 2
3254 3
3255 0
3256 1
3257 2
3258 4
3259 5
3260 3
3261 0
3262 1
3263 2
3264 3
3265 0
3266 1
3267 2
3268 3
3269 4
3270 0
3271 1
3272 2
3273 3
3274 0
3275 1
3276 2
3277 3
3278 0
3279 1
3280 2
3281 3
3282 0
3283 1
3284 2
3285 3
3286 0
3287 1
3288 2
3289 3
3290 0
3291 1
3292 2
3293 3
3294 0
3295 1
3296 2
3297 4
3298 5
3299 3
3300 0
3301 1
3302 2
3303 3
3304 0
3305 1
3306 2
3307 3
3308 4
3309 0
3310 1
3311 2
3312 3
3313 0
3314 1
3315 2
3316 3
3317 0
3318 1
3319 2
3320 3
3321 0
3322 1
3323 2
3324 3
3325 0
3326 1
3327 2
3328 3
3329 0
3330 1
3331 2
3332 3
3333 0
3334 1
3335 2
3336 4
3337 5
3338 3
3339 0
3340 1
3341 2
3342 3
3343 0
3344 1
3345 2
3346 3
3347 4
3348 0
3349 1
3350 2
3351 3
3352 0
3353 1
3354 2
3355 4
3356 5
3357 6
3358 3
3359 0
3360 1
3361 2
3362 3
3363 0
3364 1
3365 2
3366 3
3367 4
3368 0
3369 1
3370 2
3371 3
3372 0
3373 1
3374 2
3375 4
3376 5
3377 3
3378 0
3379 1
3380 2
3381 3
3382 0
3383 1
3384 2
3385 3
3386 4
3387 0
3388 1
3389 2
3390 3
3391 0
3392 1
3393 2
3394 3
3395 0
3396 1
3397 2
3398 3
3399 0
3400 1
3401 2
3402 3
3403 0
3404 1
3405 2
3406 3
3407 0
3408 1
3409 2
3410 3
3411 0
3412 1
3413 2
3414 4
3415 5
3416 3
3417 0
3418 1
3419 2
3420 3
3421 0
3422 1
3423 2
3424 3
3425 4
3426 0
3427 1
3428 2
3429 3
3430 0
3431 1
3432 2
3433 4
3434 5
3435 6
3436 3
3437 0
3438 1
3439 2
3440 3
3441 0
3442 1
3443 2
3444 3
3445 4
3446 0
3447 1
3448 2
3449 3
3450 0
3451 1
3452 2
3453 4
3454 5
3455 3
3456 0
3457 1
3458 2
3459 3
3460 0
3461 1
3462 2
3463 3
3464 4
3465 0
3466 1
3467 2
3468 3
3469 0
3470 1
3471 2
3472 3
3473 0
3474 1
3475 2
3476 3
3477 0
3478 1
3479 2
3480 3
3481 0
3482 1
3483 2
3484 3
3485 0
3486 1
3487 2
3488 3
3489 0
3490 1
3491 2
3492 4
3493 5
3494 3
3495 0
3496 1
3497 2
3498 3
3499 0
3500 1
3501 2
3502 3
3503 4
3504 0
3505 1
3506 2
3507 3
3508 0
3509 1
3510 2
3511 4
3512 5
3513 6
3514 3
3515 0
3516 1
3517 2
3518 3
3519 0
3520 1
3521 2
3522 3
3523 4
3524 0
3525 1
3526 2
3527 3
3528 0
3529 1
3530 2
3531 4
3532 5
3533 3
3534 0
3535 1
3536 2
3537 3
3538 0
3539 1
3540 2
3541 3
3542 4
3543 0
3544 1
3545 2
3546 3
3547 0
3548 1
3549 2
3550 3
3551 0
3552 1
3553 2
3554 3
3555 0
3556 1
3557 2
3558 3
3559 0
3560 1
3561 2
3562 3
3563 0
3564 1
3565 2
3566 3
3567 0
3568 1
3569 2
3570 4
3571 5
3572 3
3573 0
3574 1
3575 2
3576 3
3577 0
3578 1
3579 2
3580 3
3581 4
3582 0
3583 1
3584 2
3585 3
3586 0
3587 1
3588 2
3589 3
3590 0
3591 1
3592 2
3593 3
3594 0
3595 1
3596 2
3597 3
3598 0
3599 1
3600 2
3601 3
3602 0
3603 1
3604 2
3605 3
3606 0
3607 1
3608 2
3609 4
3610 5
3611 3
3612 0
3613 1
3614 2
3615 3
3616 0
3617 1
3618 2
3619 3
3620 4
3621 0
3622 1
3623 2
3624 3
3625 0
3626 1
3627 2
3628 3
3629 0
3630 1
3631 2
3632 3
3633 0
3634 1
3635 2
3636 3
3637 0
3638 1
3639 2
3640 3
3641 0
3642 1
3643 2
3644 3
3645 0
3646 1
3647 2
3648 4
3649 5
3650 3
3651 0
3652 1
3653 2
3654 3
3655 0
3656 1
3657 2
3658 3
3659 4
3660 0
3661 1
3662 2
3663 3
3664 0
3665 1
3666 2
3667 4
3668 5
3669 6
3670 3
3671 0
3672 1
3673 2
3674 3
3675 0
3676 1
3677 2
3678 3
3679 4
3680 0
3681 1
3682 2
3683 3
3684 0
3685 1
3686 2
3687 4
3688 5
3689 3
3690 0
3691 1
3692 2
3693 3
3694 0
3695 1
3696 2
3697 3
3698 4
3699 0
3700 1
3701 2
3702 3
3703 0
3704 1
3705 2
3706 3
3707 0
3708 1
3709 2
3710 3
3711 0
3712 1
3713 2
3714 3
3715 0
3716 1
3717 2
3718 3
3719 0
3720 1
3721 2
3722 3
3723 0
3724 1
3725 2
3726 4
3727 5
3728 3
3729 0
3730 1
3731 2
3732 3
3733 0
3734 1
3735 2
3736 3
3737 4
3738 0
3739 1
3740 2
3741 3
3742 0
3743 1
3744 2
3745 4
3746 5
3747 6
3748 3
3749 0
3750 1
3751 2
3752 3
3753 0
3754 1
3755 2
3756 3
3757 4
3758 0
3759 1
3760 2
3761 3
3762 0
3763 1
3764 2
3765 4
3766 5
3767 3
3768 0
3769 1
3770 2
3771 3
3772 0
3773 1
3774 2
3775 3
3776 4
3777 0
3778 1
3779 2
3780 3
3781 0
3782 1
3783 2
3784 3
3785 0
3786 1
3787 2
3788 3
3789 0
3790 1
3791 2
3792 3
3793 0
3794 1
3795 2
3796 3
3797 0
3798 1
3799 2
3800 3
3801 0
3802 1
3803 2
3804 4
3805 5
3806 3
3807 0
3808 1
3809 2
3810 3
3811 0
3812 1
3813 2
3814 3
3815 4
3816 0
3817 1
3818 2
3819 3
3820 0
3821 1
3822 2
3823 4
3824 5
3825 6
3826 3
3827 0
3828 1
3829 2
3830 3
3831 0
3832 1
3833 2
3834 3
3835 4
3836 0
3837 1
3838 2
3839 3
3840 0
3841 1
3842 2
3843 4
3844 5
3845 3
3846 0
3847 1
3848 2
3849 3
3850 0
3851 1
3852 2
3853 3
3854 4
3855 0
3856 1
3857 2
3858 3
3859 0
3860 1
3861 2
3862 3
3863 0
3864 1
3865 2
3866 3
3867 0
3868 1
3869 2
3870 3
3871 0
3872 1
3873 2
3874 3
3875 0
3876 1
3877 2
3878 3
3879 0
3880 1
3881 2
3882 4
3883 5
3884 3
3885 0
3886 1
3887 2
3888 3
3889 0
3890 1
3891 2
3892 3
3893 4
3894 0
3895 1
3896 2
3897 3
3898 0
3899 1
3900 2
3901 3
3902 0
3903 1
3904 2
3905 3
3906 0
3907 1
3908 2
3909 3
3910 0
3911 1
3912 2
3913 3
3914 0
3915 1
3916 2
3917 3
3918 0
3919 1
3920 2
3921 4
3922 5
3923 3
3924 0
3925 1
3926 2
3927 3
3928 0
3929 1
3930 2
3931 3
3932 4
3933 0
3934 1
3935 2
3936 3
3937 0
3938 1
3939 2
3940 3
3941 0
3942 1
3943 2
3944 3
3945 0
3946 1
3947 2
3948 3
3949 0
3950 1
3951 2
3952 3
3953 0
3954 1
3955 2
3956 3
3957 0
3958 1
3959 2
3960 4
3961 5
3962 3
3963 0
3964 1
3965 2
3966 3
3967 0
3968 1
3969 2
3970 3
3971 4
3972 0
3973 1
3974 2
3975 3
3976 0
3977 1
3978 2
3979 4
3980 5
3981 6
3982 3
3983 0
3984 1
3985 2
3986 3
3987 0
3988 1
3989 2
3990 3
3991 4
3992 0
3993 1
3994 2
3995 3
3996 0
3997 1
3998 2
3999 4
4000 5
4001 3
4002 0
4003 1
4004 2
4005 3
4006 0
4007 1
4008 2
4009 3
4010 4
4011 0
4012 1
4013 2
4014 3
4015 0
4016 1
4017 2
4018 3
4019 0
4020 1
4021 2
4022 3
4023 0
4024 1
4025 2
4026 3
4027 0
4028 1
4029 2
4030 3
4031 0
4032 1
4033 2
4034 3
4035 0
4036 1
4037 2
4038 4
4039 5
4040 3
4041 0
4042 1
4043 2
4044 3
4045 0
4046 1
4047 2
4048 3
4049 4
4050 0
4051 1
4052 2
4053 3
4054 0
4055 1
4056 2
4057 4
4058 5
4059 6
4060 3
4061 0
4062 1
4063 2
4064 3
4065 0
4066 1
4067 2
4068 3
4069 4
4070 0
4071 1
4072 2
4073 3
4074 0
4075 1
4076 2
4077 4
4078 5
4079 3
4080 0
4081 1
4082 2
4083 3
4084 0
4085 1
4086 2
4087 3
4088 4
4089 0
4090 1
4091 2
4092 3
4093 0
4094 1
4095 2
4096 3
4097 0
4098 1
4099 2
4100 3
4101 0
4102 1
4103 2
4104 3
4105 0
4106 1
4107 2
4108 3
4109 0
4110 1
4111 2
4112 3
4113 0
4114 1
4115 2
4116 4
4117 5
4118 3
4119 0
4120 1
4121 2
4122 3
4123 0
4124 1
4125 2
4126 3
4127 4
4128 0
4129 1
4130 2
4131 3
4132 0
4133 1
4134 2
4135 4
4136 5
4137 6
4138 3
4139 0
4140 1
4141 2
4142 3
4143 0
4144 1
4145 2
4146 3
4147 4
4148 0
4149 1
4150 2
4151 3
4152 0
4153 1
4154 2
4155 4
4156 5
4157 6
4158 3
4159 0
4160 1
4161 2
4162 3
4163 0
4164 1
4165 2
4166 3
4167 4
4168 0
4169 1
4170 2
4171 3
4172 0
4173 1
4174 2
4175 3
4176 0
4177 1
4178 2
4179 3
4180 0
4181 1
4182 2
4183 3
4184 0
4185 1
4186 2
4187 3
4188 0
4189 1
4190 2
4191 3
4192 0
4193 1
4194 2
4195 4
4196 5
4197 3
4198 0
4199 1
4200 2
4201 3
4202 0
4203 1
4204 2
4205 3
4206 4
4207 0
4208 1
4209 2
4210 3
4211 0
4212 1
4213 2
4214 3
4215 0
4216 1
4217 2
4218 3
4219 0
4220 1
4221 2
4222 3
4223 0
4224 1
4225 2
4226 3
4227 0
4228 1
4229 2
4230 3
4231 0
4232 1
4233 2
4234 4
4235 5
4236 3
4237 0
4238 1
4239 2
4240 3
4241 0
4242 1
4243 2
4244 3
4245 4
4246 0
4247 1
4248 2
4249 3
4250 0
4251 1
4252 2
4253 3
4254 0
4255 1
4256 2
4257 3
4258 0
4259 1
4260 2
4261 3
4262 0
4263 1
4264 2
4265 3
4266 0
4267 1
4268 2
4269 3
4270 0
4271 1
4272 2
4273 4
4274 5
4275 3
4276 0
4277 1
4278 2
4279 3
4280 0
4281 1
4282 2
4283 3
4284 4
4285 0
4286 1
4287 2
4288 3
4289 0
4290 1
4291 2
4292 4
4293 5
4294 6
4295 3
4296 0
4297 1
4298 2
4299 3
4300 0
4301 1
4302 2
4303 3
4304 4
4305 0
4306 1
4307 2
4308 3
4309 0
4310 1
4311 2
4312 4
4313 5
4314 3
4315 0
4316 1
4317 2
4318 3
4319 0
4320 1
4321 2
4322 3
4323 4
4324 0
4325 1
4326 2
4327 3
4328 0
4329 1
4330 2
4331 3
4332 0
4333 1
4334 2
4335 3
4336 0
4337 1
4338 2
4339 3
4340 0
4341 1
4342 2
4343 3
4344 0
4345 1
4346 2
4347 3
4348 0
4349 1
4350 2
4351 4
4352 5
4353 3
4354 0
4355 1
4356 2
4357 3
4358 0
4359 1
4360 2
4361 3
4362 4
4363 0
4364 1
4365 2
4366 3
4367 0
4368 1
4369 2
4370 3
4371 0
4372 1
4373 2
4374 3
4375 0
4376 1
4377 2
4378 3
4379 0
4380 1
4381 2
4382 3
4383 0
4384 1
4385 2
4386 3
4387 0
4388 1
4389 2
4390 4
4391 5
4392 3
4393 0
4394 1
4395 2
4396 3
4397 0
4398 1
4399 2
4400 3
4401 4
4402 0
4403 1
4404 2
4405 3
4406 0
4407 1
4408 2
4409 3
4410 0
4411 1
4412 2
4413 3
4414 0
4415 1
4416 2
4417 3
4418 0
4419 1
4420 2
4421 3
4422 0
4423 1
4424 2
4425 3
4426 0
4427 1
4428 2
4429 4
4430 5
4431 3
4432 0
4433 1
4434 2
4435 3
4436 0
4437 1
4438 2
4439 3
4440 4
4441 0
4442 1
4443 2
4444 3
4445 0
4446 1
4447 2
4448 4
4449 5
4450 6
4451 3
4452 0
4453 1
4454 2
4455 3
4456 0
4457 1
4458 2
4459 3
4460 4
4461 0
4462 1
4463 2
4464 3
4465 0
4466 1
4467 2
4468 4
4469 5
4470 3
4471 0
4472 1
4473 2
4474 3
4475 0
4476 1
4477 2
4478 3
4479 4
4480 0
4481 1
4482 2
4483 3
4484 0
4485 1
4486 2
4487 3
4488 0
4489 1
4490 2
4491 3
4492 0
4493 1
4494 2
4495 3
4496 0
4497 1
4498 2
4499 3
4500 0
4501 1
4502 2
4503 3
4504 0
4505 1
4506 2
4507 4
4508 5
4509 3
4510 0
4511 1
4512 2
4513 3
4514 0
4515 1
4516 2
4517 3
4518 4
4519 0
4520 1
4521 2
4522 3
4523 0
4524 1
4525 2
4526 3
4527 0
4528 1
4529 2
4530 3
4531 0
4532 1
4533 2
4534 3
4535 0
4536 1
4537 2
4538 3
4539 0
4540 1
4541 2
4542 3
4543 0
4544 1
4545 2
4546 4
4547 5
4548 3
4549 0
4550 1
4551 2
4552 3
4553 0
4554 1
4555 2
4556 3
4557 4
4558 0
4559 1
4560 2
4561 3
4562 0
4563 1
4564 2
4565 3
4566 0
4567 1
4568 2
4569 3
4570 0
4571 1
4572 2
4573 3
4574 0
4575 1
4576 2
4577 3
4578 0
4579 1
4580 2
4581 3
4582 0
4583 1
4584 2
4585 4
4586 5
4587 3
4588 0
4589 1
4590 2
4591 3
4592 0
4593 1
4594 2
4595 3
4596 4
4597 0
4598 1
4599 2
4600 3
4601 0
4602 1
4603 2
4604 4
4605 5
4606 6
4607 3
4608 0
4609 1
4610 2
4611 3
4612 0
4613 1
4614 2
4615 3
4616 4
4617 0
4618 1
4619 2
4620 3
4621 0
4622 1
4623 2
4624 4
4625 5
4626 3
4627 0
4628 1
4629 2
4630 3
4631 0
4632 1
4633 2
4634 3
4635 4
4636 0
4637 1
4638 2
4639 3
4640 0
4641 1
4642 2
4643 3
4644 0
4645 1
4646 2
4647 3
4648 0
4649 1
4650 2
4651 3
4652 0
4653 1
4654 2
4655 3
4656 0
4657 1
4658 2
4659 3
4660 0
4661 1
4662 2
4663 4
4664 5
4665 3
4666 0
4667 1
4668 2
4669 3
4670 0
4671 1
4672 2
4673 3
4674 4
4675 0
4676 1
4677 2
4678 3
4679 0
4680 1
4681 2
4682 4
4683 5
4684 6
4685 3
4686 0
4687 1
4688 2
4689 3
4690 0
4691 1
4692 2
4693 3
4694 4
4695 0
4696 1
4697 2
4698 3
4699 0
4700 1
4701 2
4702 4
4703 5
4704 3
4705 0
4706 1
4707 2
4708 3
4709 0
4710 1
4711 2
4712 3
4713 4
4714 0
4715 1
4716 2
4717 3
4718 0
4719 1
4720 2
4721 3
4722 0
4723 1
4724 2
4725 3
4726 0
4727 1
4728 2
4729 3
4730 0
4731 1
4732 2
4733 3
4734 0
4735 1
4736 2
4737 3
4738 0
4739 1
4740 2
4741 4
4742 5
4743 3
4744 0
4745 1
4746 2
4747 3
4748 0
4749 1
4750 2
4751 3
4752 4
4753 0
4754 1
4755 2
4756 3
4757 0
4758 1
4759 2
4760 4
4761 5
4762 6
4763 3
4764 0
4765 1
4766 2
4767 3
4768 0
4769 1
4770 2
4771 3
4772 4
4773 0
4774 1
4775 2
4776 3
4777 0
4778 1
4779 2
4780 4
4781 5
4782 3
4783 0
4784 1
4785 2
4786 3
4787 0
4788 1
4789 2
4790 3
4791 4
4792 0
4793 1
4794 2
4795 3
4796 0
4797 1
4798 2
4799 3
4800 0
4801 1
4802 2
4803 3
4804 0
4805 1
4806 2
4807 3
4808 0
4809 1
4810 2
4811 3
4812 0
4813 1
4814 2
4815 3
4816 0
4817 1
4818 2
4819 4
4820 5
4821 3
4822 0
4823 1
4824 2
4825 3
4826 0
4827 1
4828 2
4829 3
4830 4
4831 0
4832 1
4833 2
4834 3
4835 0
4836 1
4837 2
4838 3
4839 0
4840 1
4841 2
4842 3
4843 0
4844 1
4845 2
4846 3
4847 0
4848 1
4849 2
4850 3
4851 0
4852 1
4853 2
4854 3
4855 0
4856 1
4857 2
4858 4
4859 5
4860 3
4861 0
4862 1
4863 2
4864 3
4865 0
4866 1
4867 2
4868 3
4869 4
4870 0
4871 1
4872 2
4873 3
4874 0
4875 1
4876 2
4877 3
4878 0
4879 1
4880 2
4881 3
4882 0
4883 1
4884 2
4885 3
4886 0
4887 1
4888 2
4889 3
4890 0
4891 1
4892 2
4893 3
4894 0
4895 1
4896 2
4897 4
4898 5
4899 3
4900 0
4901 1
4902 2
4903 3
4904 0
4905 1
4906 2
4907 3
4908 4
4909 0
4910 1
4911 2
4912 3
4913 0
4914 1
4915 2
4916 4
4917 5
4918 6
4919 3
4920 0
4921 1
4922 2
4923 3
4924 0
4925 1
4926 2
4927 3
4928 4
4929 0
4930 1
4931 2
4932 3
4933 0
4934 1
4935 2
4936 4
4937 5
4938 3
4939 0
4940 1
4941 2
4942 3
4943 0
4944 1
4945 2
4946 3
4947 4
4948 0
4949 1
4950 2
4951 3
4952 0
4953 1
4954 2
4955 3
4956 0
4957 1
4958 2
4959 3
4960 0
4961 1
4962 2
4963 3
4964 0
4965 1
4966 2
4967 3
4968 0
4969 1
4970 2
4971 3
4972 0
4973 1
4974 2
4975 4
4976 5
4977 3
4978 0
4979 1
4980 2
4981 3
4982 0
4983 1
4984 2
4985 3
4986 4
4987 0
4988 1
4989 2
4990 3
4991 0
4992 1
4993 2
4994 4
4995 5
4996 6
4997 3
4998 0
4999 1
5000 2
5001 3
5002 0
5003 1
5004 2
5005 3
5006 4
5007 0
5008 1
5009 2
5010 3
5011 0
5012 1
5013 2
5014 4
5015 5
5016 3
5017 0
5018 1
5019 2
5020 3
5021 0
5022 1
5023 2
5024 3
5025 4
5026 0
5027 1
5028 2
5029 3
5030 0
5031 1
5032 2
5033 3
5034 0
5035 1
5036 2
5037 3
5038 0
5039 1
5040 2
5041 3
5042 0
5043 1
5044 2
5045 3
5046 0
5047 1
5048 2
5049 3
5050 0
5051 1
5052 2
5053 4
5054 5
5055 3
5056 0
5057 1
5058 2
5059 3
5060 0
5061 1
5062 2
5063 3
5064 4
5065 0
5066 1
5067 2
5068 3
5069 0
5070 1
5071 2
5072 4
5073 5
5074 6
5075 3
5076 0
5077 1
5078 2
5079 3
5080 0
5081 1
5082 2
5083 3
5084 4
5085 0
5086 1
5087 2
5088 3
5089 0
5090 1
5091 2
5092 4
5093 5
5094 3
5095 0
5096 1
5097 2
5098 3
5099 0
5100 1
5101 2
5102 3
5103 4
5104 0
5105 1
5106 2
5107 3
5108 0
5109 1
5110 2
5111 3
5112 0
5113 1
5114 2
5115 3
5116 0
5117 1
5118 2
5119 3
5120 0
5121 1
5122 2
5123 3
5124 0
5125 1
5126 2
5127 3
5128 0
5129 1
5130 2
5131 4
5132 5
5133 3
5134 0
5135 1
5136 2
5137 3
5138 0
5139 1
5140 2
5141 3
5142 4
5143 0
5144 1
5145 2
5146 3
5147 0
5148 1
5149 2
5150 3
5151 0
5152 1
5153 2
5154 3
5155 0
5156 1
5157 2
5158 3
5159 0
5160 1
5161 2
5162 3
5163 0
5164 1
5165 2
5166 3
5167 0
5168 1
5169 2
5170 4
5171 5
5172 3
5173 0
5174 1
5175 2
5176 3
5177 0
5178 1
5179 2
5180 3
5181 4
5182 0
5183 1
5184 2
5185 3
5186 0
5187 1
5188 2
5189 3
5190 0
5191 1
5192 2
5193 3
5194 0
5195 1
5196 2
5197 3
5198 0
5199 1
5200 2
5201 3
5202 0
5203 1
5204 2
5205 3
5206 0
5207 1
5208 2
5209 4
5210 5
5211 3
5212 0
5213 1
5214 2
5215 3
5216 0
5217 1
5218 2
5219 3
5220 4
5221 0
5222 1
5223 2
5224 3
5225 0
5226 1
5227 2
5228 4
5229 5
5230 6
5231 3
5232 0
5233 1
5234 2
5235 3
5236 0
5237 1
5238 2
5239 3
5240 4
5241 0
5242 1
5243 2
5244 3
5245 0
5246 1
5247 2
5248 4
5249 5
5250 3
5251 0
5252 1
5253 2
5254 3
5255 0
5256 1
5257 2
5258 3
5259 4
5260 0
5261 1
5262 2
5263 3
5264 0
5265 1
5266 2
5267 3
5268 0
5269 1
5270 2
5271 3
5272 0
5273 1
5274 2
5275 3
5276 0
5277 1
5278 2
5279 3
5280 0
5281 1
5282 2
5283 3
5284 0
5285 1
5286 2
5287 4
5288 5
5289 3
5290 0
5291 1
5292 2
5293 3
5294 0
5295 1
5296 2
5297 3
5298 4
5299 0
5300 1
5301 2
5302 3
5303 0
5304 1
5305 2
5306 4
5307 5
5308 6
5309 3
5310 0
5311 1
5312 2
5313 3
5314 0
5315 1
5316 2
5317 3
5318 4
5319 0
5320 1
5321 2
5322 3
5323 0
5324 1
5325 2
5326 4
5327 5
5328 3
5329 0
5330 1
5331 2
5332 3
5333 0
5334 1
5335 2
5336 3
5337 4
5338 0
5339 1
5340 2
5341 3
5342 0
5343 1
5344 2
5345 3
5346 0
5347 1
5348 2
5349 3
5350 0
5351 1
5352 2
5353 3
5354 0
5355 1
5356 2
5357 3
5358 0
5359 1
5360 2
5361 3
5362 0
5363 1
5364 2
5365 4
5366 5
5367 3
5368 0
5369 1
5370 2
5371 3
5372 0
5373 1
5374 2
5375 3
5376 4
5377 0
5378 1
5379 2
5380 3
5381 0
5382 1
5383 2
5384 4
5385 5
5386 6
5387 3
5388 0
5389 1
5390 2
5391 3
5392 0
5393 1
5394 2
5395 3
5396 4
5397 0
5398 1
5399 2
5400 3
5401 0
5402 1
5403 2
5404 4
5405 5
5406 6
5407 3
5408 0
5409 1
5410 2
5411 3
5412 0
5413 1
5414 2
5415 3
5416 4
5417 0
5418 1
5419 2
5420 3
5421 0
5422 1
5423 2
5424 3
5425 0
5426 1
5427 2
5428 3
5429 0
5430 1
5431 2
5432 3
5433 0
5434 1
5435 2
5436 3
5437 0
5438 1
5439 2
5440 3
5441 0
5442 1
5443 2
5444 4
5445 5
5446 3
5447 0
5448 1
5449 2
5450 3
5451 0
5452 1
5453 2
5454 3
5455 4
5456 0
5457 1
5458 2
5459 3
5460 0
5461 1
5462 2
5463 3
5464 0
5465 1
5466 2
5467 3
5468 0
5469 1
5470 2
5471 3
5472 0
5473 1
5474 2
5475 3
5476 0
5477 1
5478 2
5479 3
5480 0
5481 1
5482 2
5483 4
5484 5
5485 3
5486 0
5487 1
5488 2
5489 3
5490 0
5491 1
5492 2
5493 3
5494 4
5495 0
5496 1
5497 2
5498 3
5499 0
5500 1
5501 2
5502 3
5503 0
5504 1
5505 2
5506 3
5507 0
5508 1
5509 2
5510 3
5511 0
5512 1
5513 2
5514 3
5515 0
5516 1
5517 2
5518 3
5519 0
5520 1
5521 2
5522 4
5523 5
5524 3
5525 0
5526 1
5527 2
5528 3
5529 0
5530 1
5531 2
5532 3
5533 4
5534 0
5535 1
5536 2
5537 3
5538 0
5539 1
5540 2
5541 4
5542 5
5543 6
5544 3
5545 0
5546 1
5547 2
5548 3
5549 0
5550 1
5551 2
5552 3
5553 4
5554 0
5555 1
5556 2
5557 3
5558 0
5559 1
5560 2
5561 4
5562 5
5563 3
5564 0
5565 1
5566 2
5567 3
5568 0
5569 1
5570 2
5571 3
5572 4
5573 0
5574 1
5575 2
5576 3
5577 0
5578 1
5579 2
5580 3
5581 0
5582 1
5583 2
5584 3
5585 0
5586 1
5587 2
5588 3
5589 0
5590 1
5591 2
5592 3
5593 0
5594 1
5595 2
5596 3
5597 0
5598 1
5599 2
5600 4
5601 5
5602 3
5603 0
5604 1
5605 2
5606 3
5607 0
5608 1
5609 2
5610 3
5611 4
5612 0
5613 1
5614 2
5615 3
5616 0
5617 1
5618 2
5619 3
5620 0
5621 1
5622 2
5623 3
5624 0
5625 1
5626 2
5627 3
5628 0
5629 1
5630 2
5631 3
5632 0
5633 1
5634 2
5635 3
5636 0
5637 1
5638 2
5639 4
5640 5
5641 3
5642 0
5643 1
5644 2
5645 3
5646 0
5647 1
5648 2
5649 3
5650 4
5651 0
5652 1
5653 2
5654 3
5655 0
5656 1
5657 2
5658 3
5659 0
5660 1
5661 2
5662 3
5663 0
5664 1
5665 2
5666 3
5667 0
5668 1
5669 2
5670 3
5671 0
5672 1
5673 2
5674 3
5675 0
5676 1
5677 2
5678 4
5679 5
5680 3
5681 0
5682 1
5683 2
5684 3
5685 0
5686 1
5687 2
5688 3
5689 4
5690 0
5691 1
5692 2
5693 3
5694 0
5695 1
5696 2
5697 4
5698 5
5699 6
5700 3
5701 0
5702 1
5703 2
5704 3
5705 0
5706 1
5707 2
5708 3
5709 4
5710 0
5711 1
5712 2
5713 3
5714 0
5715 1
5716 2
5717 4
5718 5
5719 3
5720 0
5721 1
5722 2
5723 3
5724 0
5725 1
5726 2
5727 3
5728 4
5729 0
5730 1
5731 2
5732 3
5733 0
5734 1
5735 2
5736 3
5737 0
5738 1
5739 2
5740 3
5741 0
5742 1
5743 2
5744 3
5745 0
5746 1
5747 2
5748 3
5749 0
5750 1
5751 2
5752 3
5753 0
5754 1
5755 2
5756 4
5757 5
5758 3
5759 0
5760 1
5761 2
5762 3
5763 0
5764 1
5765 2
5766 3
5767 4
5768 0
5769 1
5770 2
5771 3
5772 0
5773 1
5774 2
5775 3
5776 0
5777 1
5778 2
5779 3
5780 0
5781 1
5782 2
5783 3
5784 0
5785 1
5786 2
5787 3
5788 0
5789 1
5790 2
5791 3
5792 0
5793 1
5794 2
5795 4
5796 5
5797 3
5798 0
5799 1
5800 2
5801 3
5802 0
5803 1
5804 2
5805 3
5806 4
5807 0
5808 1
5809 2
5810 3
5811 0
5812 1
5813 2
5814 3
5815 0
5816 1
5817 2
5818 3
5819 0
5820 1
5821 2
5822 3
5823 0
5824 1
5825 2
5826 3
5827 0
5828 1
5829 2
5830 3
5831 0
5832 1
5833 2
5834 4
5835 5
5836 3
5837 0
5838 1
5839 2
5840 3
5841 0
5842 1
5843 2
5844 3
5845 4
5846 0
5847 1
5848 2
5849 3
5850 0
5851 1
5852 2
5853 4
5854 5
5855 6
5856 3
5857 0
5858 1
5859 2
5860 3
5861 0
5862 1
5863 2
5864 3
5865 4
5866 0
5867 1
5868 2
5869 3
5870 0
5871 1
5872 2
5873 4
5874 5
5875 3
5876 0
5877 1
5878 2
5879 3
5880 0
5881 1
5882 2
5883 3
5884 4
5885 0
5886 1
5887 2
5888 3
5889 0
5890 1
5891 2
5892 3
5893 0
5894 1
5895 2
5896 3
5897 0
5898 1
5899 2
5900 3
5901 0
5902 1
5903 2
5904 3
5905 0
5906 1
5907 2
5908 3
5909 0
5910 1
5911 2
5912 4
5913 5
5914 3
5915 0
5916 1
5917 2
5918 3
5919 0
5920 1
5921 2
5922 3
5923 4
5924 0
5925 1
5926 2
5927 3
5928 0
5929 1
5930 2
5931 4
5932 5
5933 6
5934 3
5935 0
5936 1
5937 2
5938 3
5939 0
5940 1
5941 2
5942 3
5943 4
5944 0
5945 1
5946 2
5947 3
5948 0
5949 1
5950 2
5951 4
5952 5
5953 3
5954 0
5955 1
5956 2
5957 3
5958 0
5959 1
5960 2
5961 3
5962 4
5963 0
5964 1
5965 2
5966 3
5967 0
5968 1
5969 2
5970 3
5971 0
5972 1
5973 2
5974 3
5975 0
5976 1
5977 2
5978 3
5979 0
5980 1
5981 2
5982 3
5983 0
5984 1
5985 2
5986 3
5987 0
5988 1
5989 2
5990 4
5991 5
5992 3
5993 0
5994 1
5995 2
5996 3
5997 0
5998 1
5999 2
6000 3
6001 4
6002 0
6003 1
6004 2
6005 3
6006 0
6007 1
6008 2
6009 4
6010 5
6011 6
6012 3
6013 0
6014 1
6015 2
6016 3
6017 0
6018 1
6019 2
6020 3
6021 4
6022 0
6023 1
6024 2
6025 3
6026 0
6027 1
6028 2
6029 4
6030 5
6031 3
6032 0
6033 1
6034 2
6035 3
6036 0
6037 1
6038 2
6039 3
6040 4
6041 0
6042 1
6043 2
6044 3
6045 0
6046 1
6047 2
6048 3
6049 0
6050 1
6051 2
6052 3
6053 0
6054 1
6055 2
6056 3
6057 0
6058 1
6059 2
6060 3
6061 0
6062 1
6063 2
6064 3
6065 0
6066 1
6067 2
6068 4
6069 5
6070 3
6071 0
6072 1
6073 2
6074 3
6075 0
6076 1
6077 2
6078 3
6079 4
6080 0
6081 1
6082 2
6083 3
6084 0
6085 1
6086 2
6087 3
6088 0
6089 1
6090 2
6091 3
6092 0
6093 1
6094 2
6095 3
6096 0
6097 1
6098 2
6099 3
6100 0
6101 1
6102 2
6103 3
6104 0
6105 1
6106 2
6107 4
6108 5
6109 3
6110 0
6111 1
6112 2
6113 3
6114 0
6115 1
6116 2
6117 3
6118 4
6119 0
6120 1
6121 2
6122 3
6123 0
6124 1
6125 2
6126 3
6127 0
6128 1
6129 2
6130 3
6131 0
6132 1
6133 2
6134 3
6135 0
6136 1
6137 2
6138 3
6139 0
6140 1
6141 2
6142 3
6143 0
6144 1
6145 2
6146 4
6147 5
6148 3
6149 0
6150 1
6151 2
6152 3
6153 0
6154 1
6155 2
6156 3
6157 4
6158 0
6159 1
6160 2
6161 3
6162 0
6163 1
6164 2
6165 4
6166 5
6167 6
6168 3
6169 0
6170 1
6171 2
6172 3
6173 0
6174 1
6175 2
6176 3
6177 4
6178 0
6179 1
6180 2
6181 3
6182 0
6183 1
6184 2
6185 4
6186 5
6187 3
6188 0
6189 1
6190 2
6191 3
6192 0
6193 1
6194 2
6195 3
6196 4
6197 0
6198 1
6199 2
6200 3
6201 0
6202 1
6203 2
6204 3
6205 0
6206 1
6207 2
6208 3
6209 0
6210 1
6211 2
6212 3
6213 0
6214 1
6215 2
6216 3
6217 0
6218 1
6219 2
6220 3
6221 0
6222 1
6223 2
6224 4
6225 5
6226 3
6227 0
6228 1
6229 2
6230 3
6231 0
6232 1
6233 2
6234 3
6235 4
6236 0
6237 1
6238 2
6239 3
6240 0
6241 1
6242 2
6243 4
6244 5
6245 6
6246 3
6247 0
6248 1
6249 2
6250 3
6251 0
6252 1
6253 2
6254 3
6255 4
6256 0
6257 1
6258 2
6259 3
6260 0
6261 1
6262 2
6263 4
6264 5
6265 3
6266 0
6267 1
6268 2
6269 3
6270 0
6271 1
6272 2
6273 3
6274 4
6275 0
6276 1
6277 2
6278 3
6279 0
6280 1
6281 2
6282 3
6283 0
6284 1
6285 2
6286 3
6287 0
6288 1
6289 2
6290 3
6291 0
6292 1
6293 2
6294 3
6295 0
6296 1
6297 2
6298 3
6299 0
6300 1
6301 2
6302 4
6303 5
6304 3
6305 0
6306 1
6307 2
6308 3
6309 0
6310 1
6311 2
6312 3
6313 4
6314 0
6315 1
6316 2
6317 3
6318 0
6319 1
6320 2
6321 4
6322 5
6323 6
6324 3
6325 0
6326 1
6327 2
6328 3
6329 0
6330 1
6331 2
6332 3
6333 4
6334 0
6335 1
6336 2
6337 3
6338 0
6339 1
6340 2
6341 4
6342 5
6343 3
6344 0
6345 1
6346 2
6347 3
6348 0
6349 1
6350 2
6351 3
6352 4
6353 0
6354 1
6355 2
6356 3
6357 0
6358 1
6359 2
6360 3
6361 0
6362 1
6363 2
6364 3
6365 0
6366 1
6367 2
6368 3
6369 0
6370 1
6371 2
6372 3
6373 0
6374 1
6375 2
6376 3
6377 0
6378 1
6379 2
6380 4
6381 5
6382 3
6383 0
6384 1
6385 2
6386 3
6387 0
6388 1
6389 2
6390 3
6391 4
6392 0
6393 1
6394 2
6395 3
6396 0
6397 1
6398 2
6399 3
6400 0
6401 1
6402 2
6403 3
6404 0
6405 1
6406 2
6407 3
6408 0
6409 1
6410 2
6411 3
6412 0
6413 1
6414 2
6415 3
6416 0
6417 1
6418 2
6419 4
6420 5
6421 3
6422 0
6423 1
6424 2
6425 3
6426 0
6427 1
6428 2
6429 3
6430 4
6431 0
6432 1
6433 2
6434 3
6435 0
6436 1
6437 2
6438 3
6439 0
6440 1
6441 2
6442 3
6443 0
6444 1
6445 2
6446 3
6447 0
6448 1
6449 2
6450 3
6451 0
6452 1
6453 2
6454 3
6455 0
6456 1
6457 2
6458 4
6459 5
6460 3
6461 0
6462 1
6463 2
6464 3
6465 0
6466 1
6467 2
6468 3
6469 4
6470 0
6471 1
6472 2
6473 3
6474 0
6475 1
6476 2
6477 4
6478 5
6479 6
6480 3
6481 0
6482 1
6483 2
6484 3
6485 0
6486 1
6487 2
6488 3
6489 4
6490 0
6491 1
6492 2
6493 3
6494 0
6495 1
6496 2
6497 4
6498 5
6499 3
6500 0
6501 1
6502 2
6503 3
6504 0
6505 1
6506 2
6507 3
6508 4
6509 0
6510 1
6511 2
6512 3
6513 0
6514 1
6515 2
6516 3
6517 0
6518 1
6519 2
6520 3
6521 0
6522 1
6523 2
6524 3
6525 0
6526 1
6527 2
6528 3
6529 0
6530 1
6531 2
6532 3
6533 0
6534 1
6535 2
6536 4
6537 5
6538 3
6539 0
6540 1
6541 2
6542 3
6543 0
6544 1
6545 2
6546 3
6547 4
6548 0
6549 1
6550 2
6551 3
6552 0
6553 1
6554 2
6555 4
6556 5
6557 6
6558 3
6559 0
6560 1
6561 2
6562 3
6563 0
6564 1
6565 2
6566 3
6567 4
6568 0
6569 1
6570 2
6571 3
6572 0
6573 1
6574 2
6575 4
6576 5
6577 3
6578 0
6579 1
6580 2
6581 3
6582 0
6583 1
6584 2
6585 3
6586 4
6587 0
6588 1
6589 2
6590 3
6591 0
6592 1
6593 2
6594 3
6595 0
6596 1
6597 2
6598 3
6599 0
6600 1
6601 2
6602 3
6603 0
6604 1
6605 2
6606 3
6607 0
6608 1
6609 2
6610 3
6611 0
6612 1
6613 2
6614 4
6615 5
6616 3
6617 0
6618 1
6619 2
6620 3
6621 0
6622 1
6623 2
6624 3
6625 4
6626 0
6627 1
6628 2
6629 3
6630 0
6631 1
6632 2
6633 4
6634 5
6635 6
6636 3
6637 0
6638 1
6639 2
6640 3
6641 0
6642 1
6643 2
6644 3
6645 4
6646 0
6647 1
6648 2
6649 3
6650 0
6651 1
6652 2
6653 4
6654 5
6655 6
6656 3
6657 0
6658 1
6659 2
6660 3
6661 0
6662 1
6663 2
6664 3
6665 4
6666 0
6667 1
6668 2
6669 3
6670 0
6671 1
6672 2
6673 3
6674 0
6675 1
6676 2
6677 3
6678 0
6679 1
6680 2
6681 3
6682 0
6683 1
6684 2
6685 3
6686 0
6687 1
6688 2
6689 3
6690 0
6691 1
6692 2
6693 4
6694 5
6695 3
6696 0
6697 1
6698 2
6699 3
6700 0
6701 1
6702 2
6703 3
6704 4
6705 0
6706 1
6707 2
6708 3
6709 0
6710 1
6711 2
6712 3
6713 0
6714 1
6715 2
6716 3
6717 0
6718 1
6719 2
6720 3
6721 0
6722 1
6723 2
6724 3
6725 0
6726 1
6727 2
6728 3
6729 0
6730 1
6731 2
6732 4
6733 5
6734 3
6735 0
6736 1
6737 2
6738 3
6739 0
6740 1
6741 2
6742 3
6743 4
6744 0
6745 1
6746 2
6747 3
6748 0
6749 1
6750 2
6751 3
6752 0
6753 1
6754 2
6755 3
6756 0
6757 1
6758 2
6759 3
6760 0
6761 1
6762 2
6763 3
6764 0
6765 1
6766 2
6767 3
6768 0
6769 1
6770 2
6771 4
6772 5
6773 3
6774 0
6775 1
6776 2
6777 3
6778 0
6779 1
6780 2
6781 3
6782 4
6783 0
6784 1
6785 2
6786 3
6787 0
6788 1
6789 2
6790 4
6791 5
6792 6
6793 3
6794 0
6795 1
6796 2
6797 3
6798 0
6799 1
6800 2
6801 3
6802 4
6803 0
6804 1
6805 2
6806 3
6807 0
6808 1
6809 2
6810 4
6811 5
6812 3
6813 0
6814 1
6815 2
6816 3
6817 0
6818 1
6819 2
6820 3
6821 4
6822 0
6823 1
6824 2
6825 3
6826 0
6827 1
6828 2
6829 3
6830 0
6831 1
6832 2
6833 3
6834 0
6835 1
6836 2
6837 3
6838 0
6839 1
6840 2
6841 3
6842 0
6843 1
6844 2
6845 3
6846 0
6847 1
6848 2
6849 4
6850 5
6851 3
6852 0
6853 1
6854 2
6855 3
6856 0
6857 1
6858 2
6859 3
6860 4
6861 0
6862 1
6863 2
6864 3
6865 0
6866 1
6867 2
6868 3
6869 0
6870 1
6871 2
6872 3
6873 0
6874 1
6875 2
6876 3
6877 0
6878 1
6879 2
6880 3
6881 0
6882 1
6883 2
6884 3
6885 0
6886 1
6887 2
6888 4
6889 5
6890 3
6891 0
6892 1
6893 2
6894 3
6895 0
6896 1
6897 2
6898 3
6899 4
6900 0
6901 1
6902 2
6903 3
6904 0
6905 1
6906 2
6907 3
6908 0
6909 1
6910 2
6911 3
6912 0
6913 1
6914 2
6915 3
6916 0
6917 1
6918 2
6919 3
6920 0
6921 1
6922 2
6923 3
6924 0
6925 1
6926 2
6927 4
6928 5
6929 3
6930 0
6931 1
6932 2
6933 3
6934 0
6935 1
6936 2
6937 3
6938 4
6939 0
6940 1
6941 2
6942 3
6943 0
6944 1
6945 2
6946 4
6947 5
6948 6
6949 3
6950 0
6951 1
6952 2
6953 3
6954 0
6955 1
6956 2
6957 3
6958 4
6959 0
6960 1
6961 2
6962 3
6963 0
6964 1
6965 2
6966 4
6967 5
6968 3
6969 0
6970 1
6971 2
6972 3
6973 0
6974 1
6975 2
6976 3
6977 4
6978 0
6979 1
6980 2
6981 3
6982 0
6983 1
6984 2
6985 3
6986 0
6987 1
6988 2
6989 3
6990 0
6991 1
6992 2
6993 3
6994 0
6995 1
6996 2
6997 3
6998 0
6999 1
7000 2
7001 3
7002 0
7003 1
7004 2
7005 4
7006 5
7007 3
7008 0
7009 1
7010 2
7011 3
7012 0
7013 1
7014 2
7015 3
7016 4
7017 0
7018 1
7019 2
7020 3
7021 0
7022 1
7023 2
7024 3
7025 0
7026 1
7027 2
7028 3
7029 0
7030 1
7031 2
7032 3
7033 0
7034 1
7035 2
7036 3
7037 0
7038 1
7039 2
7040 3
7041 0
7042 1
7043 2
7044 4
7045 5
7046 3
7047 0
7048 1
7049 2
7050 3
7051 0
7052 1
7053 2
7054 3
7055 4
7056 0
7057 1
7058 2
7059 3
7060 0
7061 1
7062 2
7063 3
7064 0
7065 1
7066 2
7067 3
7068 0
7069 1
7070 2
7071 3
7072 0
7073 1
7074 2
7075 3
7076 0
7077 1
7078 2
7079 3
7080 0
7081 1
7082 2
7083 4
7084 5
7085 3
7086 0
7087 1
7088 2
7089 3
7090 0
7091 1
7092 2
7093 3
7094 4
7095 0
7096 1
7097 2
7098 3
7099 0
7100 1
7101 2
7102 4
7103 5
7104 6
7105 3
7106 0
7107 1
7108 2
7109 3
7110 0
7111 1
7112 2
7113 3
7114 4
7115 0
7116 1
7117 2
7118 3
7119 0
7120 1
7121 2
7122 4
7123 5
7124 3
7125 0
7126 1
7127 2
7128 3
7129 0
7130 1
7131 2
7132 3
7133 4
7134 0
7135 1
7136 2
7137 3
7138 0
7139 1
7140 2
7141 3
7142 0
7143 1
7144 2
7145 3
7146 0
7147 1
7148 2
7149 3
7150 0
7151 1
7152 2
7153 3
7154 0
7155 1
7156 2
7157 3
7158 0
7159 1
7160 2
7161 4
7162 5
7163 3
7164 0
7165 1
7166 2
7167 3
7168 0
7169 1
7170 2
7171 3
7172 4
7173 0
7174 1
7175 2
7176 3
7177 0
7178 1
7179 2
7180 4
7181 5
7182 6
7183 3
7184 0
7185 1
7186 2
7187 3
7188 0
7189 1
7190 2
7191 3
7192 4
7193 0
7194 1
7195 2
7196 3
7197 0
7198 1
7199 2
7200 4
7201 5
7202 3
7203 0
7204 1
7205 2
7206 3
7207 0
7208 1
7209 2
7210 3
7211 4
7212 0
7213 1
7214 2
7215 3
7216 0
7217 1
7218 2
7219 3
7220 0
7221 1
7222 2
7223 3
7224 0
7225 1
7226 2
7227 3
7228 0
7229 1
7230 2
7231 3
7232 0
7233 1
7234 2
7235 3
7236 0
7237 1
7238 2
7239 4
7240 5
7241 3
7242 0
7243 1
7244 2
7245 3
7246 0
7247 1
7248 2
7249 3
7250 4
7251 0
7252 1
7253 2
7254 3
7255 0
7256 1
7257 2
7258 4
7259 5
7260 6
7261 3
7262 0
7263 1
7264 2
7265 3
7266 0
7267 1
7268 2
7269 3
7270 4
7271 0
7272 1
7273 2
7274 3
7275 0
7276 1
7277 2
7278 4
7279 5
7280 6
7281 3
7282 0
7283 1
7284 2
7285 3
7286 0
7287 1
7288 2
7289 3
7290 4
7291 0
7292 1
7293 2
7294 3
7295 0
7296 1
7297 2
7298 3
7299 0
7300 1
7301 2
7302 3
7303 0
7304 1
7305 2
7306 3
7307 0
7308 1
7309 2
7310 3
7311 0
7312 1
7313 2
7314 3
7315 0
7316 1
7317 2
7318 4
7319 5
7320 3
7321 0
7322 1
7323 2
7324 3
7325 0
7326 1
7327 2
7328 3
7329 4
7330 0
7331 1
7332 2
7333 3
7334 0
7335 1
7336 2
7337 3
7338 0
7339 1
7340 2
7341 3
7342 0
7343 1
7344 2
7345 3
7346 0
7347 1
7348 2
7349 3
7350 0
7351 1
7352 2
7353 3
7354 0
7355 1
7356 2
7357 4
7358 5
7359 3
7360 0
7361 1
7362 2
7363 3
7364 0
7365 1
7366 2
7367 3
7368 4
7369 0
7370 1
7371 2
7372 3
7373 0
7374 1
7375 2
7376 3
7377 0
7378 1
7379 2
7380 3
7381 0
7382 1
7383 2
7384 3
7385 0
7386 1
7387 2
7388 3
7389 0
7390 1
7391 2
7392 3
7393 0
7394 1
7395 2
7396 4
7397 5
7398 3
7399 0
7400 1
7401 2
7402 3
7403 0
7404 1
7405 2
7406 3
7407 4
7408 0
7409 1
7410 2
7411 3
7412 0
7413 1
7414 2
7415 4
7416 5
7417 6
7418 3
7419 0
7420 1
7421 2
7422 3
7423 0
7424 1
7425 2
7426 3
7427 4
7428 0
7429 1
7430 2
7431 3
7432 0
7433 1
7434 2
7435 4
7436 5
7437 3
7438 0
7439 1
7440 2
7441 3
7442 0
7443 1
7444 2
7445 3
7446 4
7447 0
7448 1
7449 2
7450 3
7451 0
7452 1
7453 2
7454 3
7455 0
7456 1
7457 2
7458 3
7459 0
7460 1
7461 2
7462 3
7463 0
7464 1
7465 2
7466 3
7467 0
7468 1
7469 2
7470 3
7471 0
7472 1
7473 2
7474 4
7475 5
7476 3
7477 0
7478 1
7479 2
7480 3
7481 0
7482 1
7483 2
7484 3
7485 4
7486 0
7487 1
7488 2
7489 3
7490 0
7491 1
7492 2
7493 3
7494 0
7495 1
7496 2
7497 3
7498 0
7499 1
7500 2
7501 3
7502 0
7503 1
7504 2
7505 3
7506 0
7507 1
7508 2
7509 3
7510 0
7511 1
7512 2
7513 4
7514 5
7515 3
7516 0
7517 1
7518 2
7519 3
7520 0
7521 1
7522 2
7523 3
7524 4
7525 0
7526 1
7527 2
7528 3
7529 0
7530 1
7531 2
7532 3
7533 0
7534 1
7535 2
7536 3
7537 0
7538 1
7539 2
7540 3
7541 0
7542 1
7543 2
7544 3
7545 0
7546 1
7547 2
7548 3
7549 0
7550 1
7551 2
7552 4
7553 5
7554 3
7555 0
7556 1
7557 2
7558 3
7559 0
7560 1
7561 2
7562 3
7563 4
7564 0
7565 1
7566 2
7567 3
7568 0
7569 1
7570 2
7571 4
7572 5
7573 6
7574 3
7575 0
7576 1
7577 2
7578 3
7579 0
7580 1
7581 2
7582 3
7583 4
7584 0
7585 1
7586 2
7587 3
7588 0
7589 1
7590 2
7591 4
7592 5
7593 3
7594 0
7595 1
7596 2
7597 3
7598 0
7599 1
7600 2
7601 3
7602 4
7603 0
7604 1
7605 2
7606 3
7607 0
7608 1
7609 2
7610 3
7611 0
7612 1
7613 2
7614 3
7615 0
7616 1
7617 2
7618 3
7619 0
7620 1
7621 2
7622 3
7623 0
7624 1
7625 2
7626 3
7627 0
7628 1
7629 2
7630 4
7631 5
7632 3
7633 0
7634 1
7635 2
7636 3
7637 0
7638 1
7639 2
7640 3
7641 4
7642 0
7643 1
7644 2
7645 3
7646 0
7647 1
7648 2
7649 3
7650 0
7651 1
7652 2
7653 3
7654 0
7655 1
7656 2
7657 3
7658 0
7659 1
7660 2
7661 3
7662 0
7663 1
7664 2
7665 3
7666 0
7667 1
7668 2
7669 4
7670 5
7671 3
7672 0
7673 1
7674 2
7675 3
7676 0
7677 1
7678 2
7679 3
7680 4
7681 0
7682 1
7683 2
7684 3
7685 0
7686 1
7687 2
7688 3
7689 0
7690 1
7691 2
7692 3
7693 0
7694 1
7695 2
7696 3
7697 0
7698 1
7699 2
7700 3
7701 0
7702 1
7703 2
7704 3
7705 0
7706 1
7707 2
7708 4
7709 5
7710 3
7711 0
7712 1
7713 2
7714 3
7715 0
7716 1
7717 2
7718 3
7719 4
7720 0
7721 1
7722 2
7723 3
7724 0
7725 1
7726 2
7727 4
7728 5
7729 6
7730 3
7731 0
7732 1
7733 2
7734 3
7735 0
7736 1
7737 2
7738 3
7739 4
7740 0
7741 1
7742 2
7743 3
7744 0
7745 1
7746 2
7747 4
7748 5
7749 3
7750 0
7751 1
7752 2
7753 3
7754 0
7755 1
7756 2
7757 3
7758 4
7759 0
7760 1
7761 2
7762 3
7763 0
7764 1
7765 2
7766 3
7767 0
7768 1
7769 2
7770 3
7771 0
7772 1
7773 2
7774 3
7775 0
7776 1
7777 2
7778 3
7779 0
7780 1
7781 2
7782 3
7783 0
7784 1
7785 2
7786 4
7787 5
7788 3
7789 0
7790 1
7791 2
7792 3
7793 0
7794 1
7795 2
7796 3
7797 4
7798 0
7799 1
7800 2
7801 3
7802 0
7803 1
7804 2
7805 4
7806 5
7807 6
7808 3
7809 0
7810 1
7811 2
7812 3
7813 0
7814 1
7815 2
7816 3
7817 4
7818 0
7819 1
7820 2
7821 3
7822 0
7823 1
7824 2
7825 4
7826 5
7827 3
7828 0
7829 1
7830 2
7831 3
7832 0
7833 1
7834 2
7835 3
7836 4
7837 0
7838 1
7839 2
7840 3
7841 0
7842 1
7843 2
7844 3
7845 0
7846 1
7847 2
7848 3
7849 0
7850 1
7851 2
7852 3
7853 0
7854 1
7855 2
7856 3
7857 0
7858 1
7859 2
7860 3
7861 0
7862 1
7863 2
7864 4
7865 5
7866 3
7867 0
7868 1
7869 2
7870 3
7871 0
7872 1
7873 2
7874 3
7875 4
7876 0
7877 1
7878 2
7879 3
7880 0
7881 1
7882 2
7883 4
7884 5
7885 6
7886 3
7887 0
7888 1
7889 2
7890 3
7891 0
7892 1
7893 2
7894 3
7895 4
7896 0
7897 1
7898 2
7899 3
7900 0
7901 1
7902 2
7903 4
7904 5
7905 6
7906 3
7907 0
7908 1
7909 2
7910 3
7911 0
7912 1
7913 2
7914 3
7915 4
7916 0
7917 1
7918 2
7919 3
7920 0
7921 1
7922 2
7923 3
7924 0
7925 1
7926 2
7927 3
7928 0
7929 1
7930 2
7931 3
7932 0
7933 1
7934 2
7935 3
7936 0
7937 1
7938 2
7939 3
7940 0
7941 1
7942 2
7943 4
7944 5
7945 3
7946 0
7947 1
7948 2
7949 3
7950 0
7951 1
7952 2
7953 3
7954 4
7955 0
7956 1
7957 2
7958 3
7959 0
7960 1
7961 2
7962 3
7963 0
7964 1
7965 2
7966 3
7967 0
7968 1
7969 2
7970 3
7971 0
7972 1
7973 2
7974 3
7975 0
7976 1
7977 2
7978 3
7979 0
7980 1
7981 2
7982 4
7983 5
7984 3
7985 0
7986 1
7987 2
7988 3
7989 0
7990 1
7991 2
7992 3
7993 4
7994 0
7995 1
7996 2
7997 3
7998 0
7999 1
8000 2
8001 3
8002 0
8003 1
8004 2
8005 3
8006 0
8007 1
8008 2
8009 3
8010 0
8011 1
8012 2
8013 3
8014 0
8015 1
8016 2
8017 3
8018 0
8019 1
8020 2
8021 4
8022 5
8023 3
8024 0
8025 1
8026 2
8027 3
8028 0
8029 1
8030 2
8031 3
8032 4
8033 0
8034 1
8035 2
8036 3
8037 0
8038 1
8039 2
8040 4
8041 5
8042 6
8043 3
8044 0
8045 1
8046 2
8047 3
8048 0
8049 1
8050 2
8051 3
8052 4
8053 0
8054 1
8055 2
8056 3
8057 0
8058 1
8059 2
8060 4
8061 5
8062 3
8063 0
8064 1
8065 2
8066 3
8067 0
8068 1
8069 2
8070 3
8071 4
8072 0
8073 1
8074 2
8075 3
8076 0
8077 1
8078 2
8079 3
8080 0
8081 1
8082 2
8083 3
8084 0
8085 1
8086 2
8087 3
8088 0
8089 1
8090 2
8091 3
8092 0
8093 1
8094 2
8095 3
8096 0
8097 1
8098 2
8099 4
8100 5
8101 3
8102 0
8103 1
8104 2
8105 3
8106 0
8107 1
8108 2
8109 3
8110 4
8111 0
8112 1
8113 2
8114 3
8115 0
8116 1
8117 2
8118 3
8119 0
8120 1
8121 2
8122 3
8123 0
8124 1
8125 2
8126 3
8127 0
8128 1
8129 2
8130 3
8131 0
8132 1
8133 2
8134 3
8135 0
8136 1
8137 2
8138 4
8139 5
8140 3
8141 0
8142 1
8143 2
8144 3
8145 0
8146 1
8147 2
8148 3
8149 4
8150 0
8151 1
8152 2
8153 3
8154 0
8155 1
8156 2
8157 3
8158 0
8159 1
8160 2
8161 3
8162 0
8163 1
8164 2
8165 3
8166 0
8167 1
8168 2
8169 3
8170 0
8171 1
8172 2
8173 3
8174 0
8175 1
8176 2
8177 4
8178 5
8179 3
8180 0
8181 1
8182 2
8183 3
8184 0
8185 1
8186 2
8187 3
8188 4
8189 0
8190 1
8191 2
8192 3
8193 0
8194 1
8195 2
8196 4
8197 5
8198 6
8199 3
8200 0
8201 1
8202 2
8203 3
8204 0
8205 1
8206 2
8207 3
8208 4
8209 0
8210 1
8211 2
8212 3
8213 0
8214 1
8215 2
8216 4
8217 5
8218 3
8219 0
8220 1
8221 2
8222 3
8223 0
8224 1
8225 2
8226 3
8227 4
8228 0
8229 1
8230 2
8231 3
8232 0
8233 1
8234 2
8235 3
8236 0
8237 1
8238 2
8239 3
8240 0
8241 1
8242 2
8243 3
8244 0
8245 1
8246 2
8247 3
8248 0
8249 1
8250 2
8251 3
8252 0
8253 1
8254 2
8255 4
8256 5
8257 3
8258 0
8259 1
8260 2
8261 3
8262 0
8263 1
8264 2
8265 3
8266 4
8267 0
8268 1
8269 2
8270 3
8271 0
8272 1
8273 2
8274 3
8275 0
8276 1
8277 2
8278 3
8279 0
8280 1
8281 2
8282 3
8283 0
8284 1
8285 2
8286 3
8287 0
8288 1
8289 2
8290 3
8291 0
8292 1
8293 2
8294 4
8295 5
8296 3
8297 0
8298 1
8299 2
8300 3
8301 0
8302 1
8303 2
8304 3
8305 4
8306 0
8307 1
8308 2
8309 3
8310 0
8311 1
8312 2
8313 3
8314 0
8315 1
8316 2
8317 3
8318 0
8319 1
8320 2
8321 3
8322 0
8323 1
8324 2
8325 3
8326 0
8327 1
8328 2
8329 3
8330 0
8331 1
8332 2
8333 4
8334 5
8335 3
8336 0
8337 1
8338 2
8339 3
8340 0
8341 1
8342 2
8343 3
8344 4
8345 0
8346 1
8347 2
8348 3
8349 0
8350 1
8351 2
8352 4
8353 5
8354 6
8355 3
8356 0
8357 1
8358 2
8359 3
8360 0
8361 1
8362 2
8363 3
8364 4
8365 0
8366 1
8367 2
8368 3
8369 0
8370 1
8371 2
8372 4
8373 5
8374 3
8375 0
8376 1
8377 2
8378 3
8379 0
8380 1
8381 2
8382 3
8383 4
8384 0
8385 1
8386 2
8387 3
8388 0
8389 1
8390 2
8391 3
8392 0
8393 1
8394 2
8395 3
8396 0
8397 1
8398 2
8399 3
8400 0
8401 1
8402 2
8403 3
8404 0
8405 1
8406 2
8407 3
8408 0
8409 1
8410 2
8411 4
8412 5
8413 3
8414 0
8415 1
8416 2
8417 3
8418 0
8419 1
8420 2
8421 3
8422 4
8423 0
8424 1
8425 2
8426 3
8427 0
8428 1
8429 2
8430 4
8431 5
8432 6
8433 3
8434 0
8435 1
8436 2
8437 3
8438 0
8439 1
8440 2
8441 3
8442 4
8443 0
8444 1
8445 2
8446 3
8447 0
8448 1
8449 2
8450 4
8451 5
8452 3
8453 0
8454 1
8455 2
8456 3
8457 0
8458 1
8459 2
8460 3
8461 4
8462 0
8463 1
8464 2
8465 3
8466 0
8467 1
8468 2
8469 3
8470 0
8471 1
8472 2
8473 3
8474 0
8475 1
8476 2
8477 3
8478 0
8479 1
8480 2
8481 3
8482 0
8483 1
8484 2
8485 3
8486 0
8487 1
8488 2
8489 4
8490 5
8491 3
8492 0
8493 1
8494 2
8495 3
8496 0
8497 1
8498 2
8499 3
8500 4
8501 0
8502 1
8503 2
8504 3
8505 0
8506 1
8507 2
8508 4
8509 5
8510 6
8511 3
8512 0
8513 1
8514 2
8515 3
8516 0
8517 1
8518 2
8519 3
8520 4
8521 0
8522 1
8523 2
8524 3
8525 0
8526 1
8527 2
8528 4
8529 5
8530 3
8531 0
8532 1
8533 2
8534 3
8535 0
8536 1
8537 2
8538 3
8539 4
8540 0
8541 1
8542 2
8543 3
8544 0
8545 1
8546 2
8547 3
8548 0
8549 1
8550 2
8551 3
8552 0
8553 1
8554 2
8555 3
8556 0
8557 1
8558 2
8559 3
8560 0
8561 1
8562 2
8563 3
8564 0
8565 1
8566 2
8567 4
8568 5
8569 3
8570 0
8571 1
8572 2
8573 3
8574 0
8575 1
8576 2
8577 3
8578 4
8579 0
8580 1
8581 2
8582 3
8583 0
8584 1
8585 2
8586 3
8587 0
8588 1
8589 2
8590 3
8591 0
8592 1
8593 2
8594 3
8595 0
8596 1
8597 2
8598 3
8599 0
8600 1
8601 2
8602 3
8603 0
8604 1
8605 2
8606 4
8607 5
8608 3
8609 0
8610 1
8611 2
8612 3
8613 0
8614 1
8615 2
8616 3
8617 4
8618 0
8619 1
8620 2
8621 3
8622 0
8623 1
8624 2
8625 3
8626 0
8627 1
8628 2
8629 3
8630 0
8631 1
8632 2
8633 3
8634 0
8635 1
8636 2
8637 3
8638 0
8639 1
8640 2
8641 3
8642 0
8643 1
8644 2
8645 4
8646 5
8647 3
8648 0
8649 1
8650 2
8651 3
8652 0
8653 1
8654 2
8655 3
8656 4
8657 0
8658 1
8659 2
8660 3
8661 0
8662 1
8663 2
8664 4
8665 5
8666 6
8667 3
8668 0
8669 1
8670 2
8671 3
8672 0
8673 1
8674 2
8675 3
8676 4
8677 0
8678 1
8679 2
8680 3
8681 0
8682 1
8683 2
8684 4
8685 5
8686 3
8687 0
8688 1
8689 2
8690 3
8691 0
8692 1
8693 2
8694 3
8695 4
8696 0
8697 1
8698 2
8699 3
8700 0
8701 1
8702 2
8703 3
8704 0
8705 1
8706 2
8707 3
8708 0
8709 1
8710 2
8711 3
8712 0
8713 1
8714 2
8715 3
8716 0
8717 1
8718 2
8719 3
8720 0
8721 1
8722 2
8723 4
8724 5
8725 3
8726 0
8727 1
8728 2
8729 3
8730 0
8731 1
8732 2
8733 3
8734 4
8735 0
8736 1
8737 2
8738 3
8739 0
8740 1
8741 2
8742 4
8743 5
8744 6
8745 3
8746 0
8747 1
8748 2
8749 3
8750 0
8751 1
8752 2
8753 3
8754 4
8755 0
8756 1
8757 2
8758 3
8759 0
8760 1
8761 2
8762 4
8763 5
8764 3
8765 0
8766 1
8767 2
8768 3
8769 0
8770 1
8771 2
8772 3
8773 4
8774 0
8775 1
8776 2
8777 3
8778 0
8779 1
8780 2
8781 3
8782 0
8783 1
8784 2
8785 3
8786 0
8787 1
8788 2
8789 3
8790 0
8791 1
8792 2
8793 3
8794 0
8795 1
8796 2
8797 3
8798 0
8799 1
8800 2
8801 4
8802 5
8803 3
8804 0
8805 1
8806 2
8807 3
8808 0
8809 1
8810 2
8811 3
8812 4
8813 0
8814 1
8815 2
8816 3
8817 0
8818 1
8819 2
8820 4
8821 5
8822 6
8823 3
8824 0
8825 1
8826 2
8827 3
8828 0
8829 1
8830 2
8831 3
8832 4
8833 0
8834 1
8835 2
8836 3
8837 0
8838 1
8839 2
8840 4
8841 5
8842 3
8843 0
8844 1
8845 2
8846 3
8847 0
8848 1
8849 2
8850 3
8851 4
8852 0
8853 1
8854 2
8855 3
8856 0
8857 1
8858 2
8859 3
8860 0
8861 1
8862 2
8863 3
8864 0
8865 1
8866 2
8867 3
8868 0
8869 1
8870 2
8871 3
8872 0
8873 1
8874 2
8875 3
8876 0
8877 1
8878 2
8879 4
8880 5
8881 3
8882 0
8883 1
8884 2
8885 3
8886 0
8887 1
8888 2
8889 3
8890 4
8891 0
8892 1
8893 2
8894 3
8895 0
8896 1
8897 2
8898 3
8899 0
8900 1
8901 2
8902 3
8903 0
8904 1
8905 2
8906 3
8907 0
8908 1
8909 2
8910 3
8911 0
8912 1
8913 2
8914 3
8915 0
8916 1
8917 2
8918 4
8919 5
8920 3
8921 0
8922 1
8923 2
8924 3
8925 0
8926 1
8927 2
8928 3
8929 4
8930 0
8931 1
8932 2
8933 3
8934 0
8935 1
8936 2
8937 3
8938 0
8939 1
8940 2
8941 3
8942 0
8943 1
8944 2
8945 3
8946 0
8947 1
8948 2
8949 3
8950 0
8951 1
8952 2
8953 3
8954 0
8955 1
8956 2
8957 4
8958 5
8959 3
8960 0
8961 1
8962 2
8963 3
8964 0
8965 1
8966 2
8967 3
8968 4
8969 0
8970 1
8971 2
8972 3
8973 0
8974 1
8975 2
8976 4
8977 5
8978 6
8979 3
8980 0
8981 1
8982 2
8983 3
8984 0
8985 1
8986 2
8987 3
8988 4
8989 0
8990 1
8991 2
8992 3
8993 0
8994 1
8995 2
8996 4
8997 5
8998 3
8999 0
9000 1
9001 2
9002 3
9003 0
9004 1
9005 2
9006 3
9007 4
9008 0
9009 1
9010 2
9011 3
9012 0
9013 1
9014 2
9015 3
9016 0
9017 1
9018 2
9019 3
9020 0
9021 1
9022 2
9023 3
9024 0
9025 1
9026 2
9027 3
9028 0
9029 1
9030 2
9031 3
9032 0
9033 1
9034 2
9035 4
9036 5
9037 3
9038 0
9039 1
9040 2
9041 3
9042 0
9043 1
9044 2
9045 3
9046 4
9047 0
9048 1
9049 2
9050 3
9051 0
9052 1
9053 2
9054 4
9055 5
9056 6
9057 3
9058 0
9059 1
9060 2
9061 3
9062 0
9063 1
9064 2
9065 3
9066 4
9067 0
9068 1
9069 2
9070 3
9071 0
9072 1
9073 2
9074 4
9075 5
9076 3
9077 0
9078 1
9079 2
9080 3
9081 0
9082 1
9083 2
9084 3
9085 4
9086 0
9087 1
9088 2
9089 3
9090 0
9091 1
9092 2
9093 3
9094 0
9095 1
9096 2
9097 3
9098 0
9099 1
9100 2
9101 3
9102 0
9103 1
9104 2
9105 3
9106 0
9107 1
9108 2
9109 3
9110 0
9111 1
9112 2
9113 4
9114 5
9115 3
9116 0
9117 1
9118 2
9119 3
9120 0
9121 1
9122 2
9123 3
9124 4
9125 0
9126 1
9127 2
9128 3
9129 0
9130 1
9131 2
9132 4
9133 5
9134 6
9135 3
9136 0
9137 1
9138 2
9139 3
9140 0
9141 1
9142 2
9143 3
9144 4
9145 0
9146 1
9147 2
9148 3
9149 0
9150 1
9151 2
9152 4
9153 5
9154 6
9155 3
9156 0
9157 1
9158 2
9159 3
9160 0
9161 1
9162 2
9163 3
9164 4
9165 0
9166 1
9167 2
9168 3
9169 0
9170 1
9171 2
9172 3
9173 0
9174 1
9175 2
9176 3
9177 0
9178 1
9179 2
9180 3
9181 0
9182 1
9183 2
9184 3
9185 0
9186 1
9187 2
9188 3
9189 0
9190 1
9191 2
9192 4
9193 5
9194 3
9195 0
9196 1
9197 2
9198 3
9199 0
9200 1
9201 2
9202 3
9203 4
9204 0
9205 1
9206 2
9207 3
9208 0
9209 1
9210 2
9211 3
9212 0
9213 1
9214 2
9215 3
9216 0
9217 1
9218 2
9219 3
9220 0
9221 1
9222 2
9223 3
9224 0
9225 1
9226 2
9227 3
9228 0
9229 1
9230 2
9231 4
9232 5
9233 3
9234 0
9235 1
9236 2
9237 3
9238 0
9239 1
9240 2
9241 3
9242 4
9243 0
9244 1
9245 2
9246 3
9247 0
9248 1
9249 2
9250 3
9251 0
9252 1
9253 2
9254 3
9255 0
9256 1
9257 2
9258 3
9259 0
9260 1
9261 2
9262 3
9263 0
9264 1
9265 2
9266 3
9267 0
9268 1
9269 2
9270 4
9271 5
9272 3
9273 0
9274 1
9275 2
9276 3
9277 0
9278 1
9279 2
9280 3
9281 4
9282 0
9283 1
9284 2
9285 3
9286 0
9287 1
9288 2
9289 4
9290 5
9291 6
9292 3
9293 0
9294 1
9295 2
9296 3
9297 0
9298 1
9299 2
9300 3
9301 4
9302 0
9303 1
9304 2
9305 3
9306 0
9307 1
9308 2
9309 4
9310 5
9311 3
9312 0
9313 1
9314 2
9315 3
9316 0
9317 1
9318 2
9319 3
9320 4
9321 0
9322 1
9323 2
9324 3
9325 0
9326 1
9327 2
9328 3
9329 0
9330 1
9331 2
9332 3
9333 0
9334 1
9335 2
9336 3
9337 0
9338 1
9339 2
9340 3
9341 0
9342 1
9343 2
9344 3
9345 0
9346 1
9347 2
9348 4
9349 5
9350 3
9351 0
9352 1
9353 2
9354 3
9355 0
9356 1
9357 2
9358 3
9359 4
9360 0
9361 1
9362 2
9363 3
9364 0
9365 1
9366 2
9367 3
9368 0
9369 1
9370 2
9371 3
9372 0
9373 1
9374 2
9375 3
9376 0
9377 1
9378 2
9379 3
9380 0
9381 1
9382 2
9383 3
9384 0
9385 1
9386 2
9387 4
9388 5
9389 3
9390 0
9391 1
9392 2
9393 3
9394 0
9395 1
9396 2
9397 3
9398 4
9399 0
9400 1
9401 2
9402 3
9403 0
9404 1
9405 2
9406 3
9407 0
9408 1
9409 2
9410 3
9411 0
9412 1
9413 2
9414 3
9415 0
9416 1
9417 2
9418 3
9419 0
9420 1
9421 2
9422 3
9423 0
9424 1
9425 2
9426 4
9427 5
9428 3
9429 0
9430 1
9431 2
9432 3
9433 0
9434 1
9435 2
9436 3
9437 4
9438 0
9439 1
9440 2
9441 3
9442 0
9443 1
9444 2
9445 4
9446 5
9447 6
9448 3
9449 0
9450 1
9451 2
9452 3
9453 0
9454 1
9455 2
9456 3
9457 4
9458 0
9459 1
9460 2
9461 3
9462 0
9463 1
9464 2
9465 4
9466 5
9467 3
9468 0
9469 1
9470 2
9471 3
9472 0
9473 1
9474 2
9475 3
9476 4
9477 0
9478 1
9479 2
9480 3
9481 0
9482 1
9483 2
9484 3
9485 0
9486 1
9487 2
9488 3
9489 0
9490 1
9491 2
9492 3
9493 0
9494 1
9495 2
9496 3
9497 0
9498 1
9499 2
9500 3
9501 0
9502 1
9503 2
9504 4
9505 5
9506 3
9507 0
9508 1
9509 2
9510 3
9511 0
9512 1
9513 2
9514 3
9515 4
9516 0
9517 1
9518 2
9519 3
9520 0
9521 1
9522 2
9523 3
9524 0
9525 1
9526 2
9527 3
9528 0
9529 1
9530 2
9531 3
9532 0
9533 1
9534 2
9535 3
9536 0
9537 1
9538 2
9539 3
9540 0
9541 1
9542 2
9543 4
9544 5
9545 3
9546 0
9547 1
9548 2
9549 3
9550 0
9551 1
9552 2
9553 3
9554 4
9555 0
9556 1
9557 2
9558 3
9559 0
9560 1
9561 2
9562 3
9563 0
9564 1
9565 2
9566 3
9567 0
9568 1
9569 2
9570 3
9571 0
9572 1
9573 2
9574 3
9575 0
9576 1
9577 2
9578 3
9579 0
9580 1
9581 2
9582 4
9583 5
9584 3
9585 0
9586 1
9587 2
9588 3
9589 0
9590 1
9591 2
9592 3
9593 4
9594 0
9595 1
9596 2
9597 3
9598 0
9599 1
9600 2
9601 4
9602 5
9603 6
9604 3
9605 0
9606 1
9607 2
9608 3
9609 0
9610 1
9611 2
9612 3
9613 4
9614 0
9615 1
9616 2
9617 3
9618 0
9619 1
9620 2
9621 4
9622 5
9623 3
9624 0
9625 1
9626 2
9627 3
9628 0
9629 1
9630 2
9631 3
9632 4
9633 0
9634 1
9635 2
9636 3
9637 0
9638 1
9639 2
9640 3
9641 0
9642 1
9643 2
9644 3
9645 0
9646 1
9647 2
9648 3
9649 0
9650 1
9651 2
9652 3
9653 0
9654 1
9655 2
9656 3
9657 0
9658 1
9659 2
9660 4
9661 5
9662 3
9663 0
9664 1
9665 2
9666 3
9667 0
9668 1
9669 2
9670 3
9671 4
9672 0
9673 1
9674 2
9675 3
9676 0
9677 1
9678 2
9679 4
9680 5
9681 6
9682 3
9683 0
9684 1
9685 2
9686 3
9687 0
9688 1
9689 2
9690 3
9691 4
9692 0
9693 1
9694 2
9695 3
9696 0
9697 1
9698 2
9699 4
9700 5
9701 3
9702 0
9703 1
9704 2
9705 3
9706 0
9707 1
9708 2
9709 3
9710 4
9711 0
9712 1
9713 2
9714 3
9715 0
9716 1
9717 2
9718 3
9719 0
9720 1
9721 2
9722 3
9723 0
9724 1
9725 2
9726 3
9727 0
9728 1
9729 2
9730 3
9731 0
9732 1
9733 2
9734 3
9735 0
9736 1
9737 2
9738 4
9739 5
9740 3
9741 0
9742 1
9743 2
9744 3
9745 0
9746 1
9747 2
9748 3
9749 4
9750 0
9751 1
9752 2
9753 3
9754 0
9755 1
9756 2
9757 4
9758 5
9759 6
9760 3
9761 0
9762 1
9763 2
9764 3
9765 0
9766 1
9767 2
9768 3
9769 4
9770 0
9771 1
9772 2
9773 3
9774 0
9775 1
9776 2
9777 4
9778 5
9779 6
9780 3
9781 0
9782 1
9783 2
9784 3
9785 0
9786 1
9787 2
9788 3
9789 4
9790 0
9791 1
9792 2
9793 3
9794 0
9795 1
9796 2
9797 3
9798 0
9799 1
9800 2
9801 3
9802 0
9803 1
9804 2
9805 3
9806 0
9807 1
9808 2
9809 3
9810 0
9811 1
9812 2
9813 3
9814 0
9815 1
9816 2
9817 4
9818 5
9819 3
9820 0
9821 1
9822 2
9823 3
9824 0
9825 1
9826 2
9827 3
9828 4
9829 0
9830 1
9831 2
9832 3
9833 0
9834 1
9835 2
9836 3
9837 0
9838 1
9839 2
9840 3
9841 0
9842 1
9843 2
9844 3
9845 0
9846 1
9847 2
9848 3
9849 0
9850 1
9851 2
9852 3
9853 0
9854 1
9855 2
9856 4
9857 5
9858 3
9859 0
9860 1
9861 2
9862 3
9863 0
9864 1
9865 2
9866 3
9867 4
9868 0
9869 1
9870 2
9871 3
9872 0
9873 1
9874 2
9875 3
9876 0
9877 1
9878 2
9879 3
9880 0
9881 1
9882 2
9883 3
9884 0
9885 1
9886 2
9887 3
9888 0
9889 1
9890 2
9891 3
9892 0
9893 1
9894 2
9895 4
9896 5
9897 3
9898 0
9899 1
9900 2
9901 3
9902 0
9903 1
9904 2
9905 3
9906 4
9907 0
9908 1
9909 2
9910 3
9911 0
9912 1
9913 2
9914 4
9915 5
9916 6
9917 3
9918 0
9919 1
9920 2
9921 3
9922 0
9923 1
9924 2
9925 3
9926 4
9927 0
9928 1
9929 2
9930 3
9931 0
9932 1
9933 2
9934 4
9935 5
9936 3
9937 0
9938 1
9939 2
9940 3
9941 0
9942 1
9943 2
9944 3
9945 4
9946 0
9947 1
9948 2
9949 3
9950 0
9951 1
9952 2
9953 3
9954 0
9955 1
9956 2
9957 3
9958 0
9959 1
9960 2
9961 3
9962 0
9963 1
9964 2
9965 3
9966 0
9967 1
9968 2
9969 3
9970 0
9971 1
9972 2
9973 4
9974 5
9975 3
9976 0
9977 1
9978 2
9979 3
9980 0
9981 1
9982 2
9983 3
9984 4
9985 0
9986 1
9987 2
9988 3
9989 0
9990 1
9991 2
9992 3
9993 0
9994 1
9995 4
9996 2
9997 0
9998 1
9999 3
Colors used: 7
Execution time: 22165 microseconds
